CIC_OEM_VERS = 2.0
CREATION_DATE = 2025-06-27T10:30:50.246684
ORIGINATOR = ISAE-SUPAERO


META_START
OBJECT_NAME = PLEIADES-NEO4
OBJECT_ID = PLEIADES-NEO4
CENTER_NAME = Earth
REF_FRAME = EME2000
TIME_SYSTEM = UTC
START_TIME = 2025-06-26T22:00:00.000
USEABLE_START_TIME = 2025-06-26T22:00:00.000
USEABLE_STOP_TIME = 2025-06-28T21:57:00.000
STOP_TIME = 2025-06-28T21:57:00.000
INTERPOLATION = lagrange
INTERPOLATION_DEGREE = 5
META_STOP


60852 79200.0 -1927.4738 -6676.7451 -830.03348 -1.2495189 -0.5662232500000001 7.422549200000001
60852 79620.0 -2240.0618 -6232.8993 2265.6675 -0.2132515 2.6438219 7.0645077
60852 80040.0 -2098.4366 -4525.450900000001 4900.197400000001 0.8653955600000001 5.3220323 5.2851491
60852 80460.0 -1533.2123000000001 -1903.9614 6543.9219 1.770534 6.928464700000001 2.4331624
60852 80880.0 -660.1914499999999 1099.1755 6869.1320000000005 2.3160418 7.1282404 -0.91270997
60852 81300.0 346.17182 3881.0087000000003 5804.742700000001 2.3940057 5.8914184999999994 -4.0688234
60852 81720.0 1282.7116 5880.313099999999 3566.9704 1.9891628000000001 3.4655085 -6.4041972
60852 82140.0 1960.4725 6693.3308 607.7080100000001 1.1829173000000002 0.33970199 -7.4449492
60852 82560.0 2242.8866000000003 6156.4887 -2474.5731 0.1393234 -2.8508582000000002 -6.9805188
60852 82980.0 2073.8532 4380.2453 -5057.8603 -0.92958099 -5.4602391 -5.1107241000000005
60852 83400.0 1488.6691 1724.9572 -6623.6241 -1.8091278 -6.9677604 -2.2189826
60852 83820.0 605.37339 -1275.8713 -6859.553400000001 -2.3254132 -7.0785389 1.1147302
60852 84240.0 -399.08898 -4021.0549 -5718.1449 -2.3762055 -5.7702856 4.2289701
60852 84660.0 -1323.3178 -5958.7497 -3425.9325 -1.9492263 -3.2970807 6.5005669
60852 85080.0 -1980.7626000000002 -6695.683400000001 -442.27545000000003 -1.1275485 -0.15043732 7.464635599999999
60852 85500.0 -2238.0437 -6079.919900000001 2631.0367 -0.07636502900000001 3.0326964 6.917689800000001
60852 85920.0 -2042.8071000000002 -4234.8244 5171.0396 0.9899480300000001 5.6019905 4.9690624
60852 86340.0 -1434.8891 -1534.181 6663.785 1.854931 7.036923 2.017707
60853 360.0 -537.6216999999999 1475.5855000000001 6808.7627 2.3449911 7.0516451 -1.3381988
60853 780.0 468.12683000000004 4188.2959 5577.6467 2.3622020000000004 5.6444093 -4.4239337999999995
60853 1200.0 1379.4225000000001 6056.0951 3218.4653 1.9027648 3.0968913 -6.6172012
60853 1620.0 2012.2829 6701.437400000001 207.89375 1.0591662 -0.076357753 -7.4719092
60853 2040.0 2239.174 5994.7098 -2844.8593 0.0033346437000000002 -3.2295952000000003 -6.8156133
60853 2460.0 2015.2799 4080.9146 -5323.872 -1.0502011 -5.7249041 -4.7878763
60853 2880.0 1387.0264 1348.2354 -6731.930200000001 -1.8901207 -7.0654349000000005 -1.8037349999999999
60853 3300.0 481.03911 -1654.5309 -6788.496400000001 -2.350645 -6.9899417 1.5390308
60853 3720.0 -521.20944 -4325.817599999999 -5482.0255 -2.3405831 -5.5129133 4.5772199
60853 4140.0 -1418.7185 -6128.4764000000005 -3072.2958 -1.8597298000000002 -2.9223132 6.7021268
60853 4560.0 -2030.2879 -6696.4399 -42.658475 -1.0022764 0.26574919999999996 7.4781264
60853 4980.0 -2231.846 -5912.0891 2995.6843 0.05911023 3.4054237 6.7406815
60853 5400.0 -1982.3996000000002 -3933.0764 5427.1731 1.1081873 5.8561039 4.6384146
60853 5820.0 -1332.7101 -1160.0022 6760.2042 1.9323465000000002 7.1222145 1.6006309
60853 6240.0 -414.36978000000005 1846.7058000000002 6726.587500000001 2.3662247 6.9516871 -1.7578912
60853 6660.0 587.5593700000001 4481.3883 5333.430200000001 2.3231042000000004 5.3791015 -4.7628574
60853 7080.0 1470.9011 6211.790599999999 2861.2821000000004 1.8109906000000002 2.7190638 -6.8068956
60853 7500.0 2057.2267 6687.916700000001 -190.16685999999999 0.93316148 -0.49040937 -7.473423
60853 7920.0 2228.4132000000004 5814.4764000000005 -3203.2015 -0.13121617000000002 -3.5955764 -6.6287946
60853 8340.0 1950.988 3770.2466000000004 -5570.2721 -1.1661113 -5.969292 -4.4510914
60853 8760.0 1282.1473999999998 969.5263100000001 -6816.9124 -1.9642270000000002 -7.1396250000000006 -1.3849708
60853 9180.0 356.56922 -2025.4459 -6694.9231 -2.3682428 -6.8792345 1.9560861
60853 9600.0 -640.35248 -4614.5693 -5228.447099999999 -2.2980086 -5.238902 4.909025300000001
60853 10020.0 -1508.6191000000001 -6276.9578 -2709.5134 -1.7653007 -2.5394607000000002 6.8811434
60853 10440.0 -2072.8531000000003 -6674.7141 356.08853000000005 -0.8750577100000001 0.67977901 7.4671965
60853 10860.0 -2218.5959 -5724.8195000000005 3349.6565 0.19306198000000002 3.7660496 6.542191
60853 11280.0 -1916.278 -3618.6952 5665.001 1.2216812 6.0904638 4.293567200000001
60853 11700.0 -1227.3074 -782.37561 6834.3826 2.0027734 7.1840418 1.1794932
60853 12120.0 -290.96099 2211.6379 6622.5879 2.3797328 6.8289933000000005 -2.1713090000000004
60853 12540.0 703.98963 4759.6912999999995 5072.1837000000005 2.276941 5.0962661 -5.085637
60853 12960.0 1556.8109 6347.1008 2495.4025 1.7142875 2.3326028 -6.9737373
60853 13380.0 2095.1739 6652.6142 -586.73815 0.80540435 -0.9023589200000001 -7.4501483
60853 13800.0 2210.69 5615.6088 -3550.1665000000003 -0.26395806 -3.9492968999999998 -6.4204521
60853 14220.0 1881.1974 3447.8595 -5797.7108 -1.2770951 -6.1938751000000005 -4.100270900000001
60853 14640.0 1174.3136000000002 588.31118 -6879.1295 -2.0313548 -7.1904889 -0.96241518
60853 15060.0 232.26782 -2389.1383 -6579.2887 -2.3781893 -6.7462911000000005 2.3660747
60853 15480.0 -756.2299 -4887.7537 -4957.8449 -2.2485752000000003 -4.9480531 5.2243042
60853 15900.0 -1592.777 -6404.5686 -2338.0836 -1.6660774 -2.1485311 7.0373246
60853 16320.0 -2108.2659 -6630.8421 753.42682 -0.74611288 1.0913183 7.4318281
60853 16740.0 -2198.1718 -5518.599700000001 3692.4789 0.3253858 4.1142283 6.3225418
60853 17160.0 -1844.3333 -3292.2632000000003 5884.2259 1.3304728000000001 6.3049907 3.9349729000000004
60853 17580.0 -1118.5503999999999 -401.89919000000003 6886.2198 2.0663121 7.222548799999999 0.75466889
60853 18000.0 -167.34647 2569.5733999999998 6496.936900000001 2.3855119 6.6840589 -2.5775140000000003
60853 18420.0 817.48063 5022.6769 4794.4075 2.223792 4.7966921000000005 -5.391629200000001
60853 18840.0 1637.2658999999999 6461.8378 2121.4996 1.6127968000000001 1.9383078 -7.1175218000000005
60853 19260.0 2126.3141 6595.6795 -981.13058 0.6761299199999999 -1.3114092000000002 -7.4022455
60853 19680.0 2186.2775 5398.5344000000005 -3885.2182000000003 -0.39477935000000003 -4.290165200000001 -6.1909873
60853 20100.0 1806.1773 3114.3656 -6005.8882 -1.3832138 -6.3982054 -3.7361345999999998
60853 20520.0 1063.7429 205.32621 -6918.622 -2.0916775 -7.2179041 -0.5369322
60853 20940.0 108.26673 -2744.8906 -6441.991400000001 -2.380717 -6.5913189 2.7681749
60853 21360.0 -868.81772 -5144.8098 -4670.936 -2.1925693 -4.6408979 5.5223753
60853 21780.0 -1671.3167 -6511.01 -1958.9239 -1.5624934000000001 -1.750266 7.1703538
60853 22200.0 -2136.846 -6564.835400000001 1148.3502 -0.6159348800000001 1.4996899000000001 7.3720374
60853 22620.0 -2171.1075 -5293.7261 4023.2352 0.45559212000000004 4.449286 6.0821596
60853 23040.0 -1767.2572 -2954.3294 6084.2047 1.4343361000000001 6.4991794 3.5634778000000003
60853 23460.0 -1007.1557 -19.300446 6915.5007000000005 2.1231026 7.2374899 0.32725127
60853 23880.0 -44.117808 2919.7532 6349.9065 2.3840304999999997 6.517059100000001 -2.9753322
60853 24300.0 927.6886999999999 5269.746700000001 4500.796200000001 2.1643028 4.480943900000001 -5.6799498
60853 24720.0 1712.1916 6555.7212 1740.5634 1.5071544 1.5371178 -7.2377958
60853 25140.0 2150.8015 6517.2137 -1372.3054 0.54571908 -1.7167644 -7.3298569
60853 25560.0 2155.4737999999998 5163.8315 -4207.4584 -0.52354307 -4.6173688 -5.9408148
60853 25980.0 1726.279 2770.6642 -6194.2051 -1.4844294 -6.5818107 -3.3595484
60853 26400.0 950.76765 -178.44173 -6935.1776 -2.1453271 -7.2219164000000005 -0.10943104
60853 26820.0 -15.192058000000001 -3091.8172999999997 -6283.1579 -2.3761162 -6.4147235 3.1617157000000002
60853 27240.0 -978.0140799999999 -5385.058099999999 -4368.0452000000005 -2.130339 -4.3179664 5.8029772
60853 27660.0 -1744.2421000000002 -6595.701900000001 -1572.2571 -1.4547204999999999 -1.3449789 7.2804604
60853 28080.0 -2158.619 -6476.2232 1540.7264 -0.48443232 1.904858 7.2881484
60853 28500.0 -2137.3445 -5049.675700000001 4341.8832 0.58396451 4.7714745999999995 5.8210786
60853 28920.0 -1684.8665 -2604.2755 6264.8301 1.5335594000000001 6.6731768 3.1787662
60853 29340.0 -892.8407500000001 366.03896000000003 6921.964900000001 2.1733272 7.228737000000001 -0.10315324
60853 29760.0 79.055764 3262.6986 6181.1011 2.375308 6.3276121000000005 -3.3650345
60853 30180.0 1034.9122 5501.2328 4190.8782 2.0983039 4.1485707000000005 -5.9505067
60853 30600.0 1781.7989 6628.9335 1352.2358000000002 1.3971069 1.1288145 -7.3341213
60853 31020.0 2168.7479 6417.445900000001 -1760.3973 0.41400958000000004 -2.1179767000000003 -7.2324168
60853 31440.0 2118.3847 4911.9250999999995 -4517.0362000000005 -0.65033632 -4.9305424 -5.6692844
60853 31860.0 1641.6034 2417.3378 -6362.6629 -1.5806814 -6.7442753 -2.970352
60853 32280.0 835.51982 -562.28267 -6928.7798 -2.1922379000000003 -7.2023535 0.32006279
60853 32700.0 -137.96175 -3429.1902999999998 -6102.7683 -2.364376 -6.2165585000000005 3.5467967
60853 33120.0 -1083.6607 -5607.7856 -4049.0524 -2.0618389 -3.9792530000000004 6.066486
60853 33540.0 -1810.9909 -6656.3997 -1177.3531 -1.3429264 -0.9324834 7.3696814999999996
60853 33960.0 -2172.9896000000003 -6362.4687 1931.9161000000001 -0.3511057 2.3085796000000003 7.1811991
60853 34380.0 -2095.9795 -4783.0868 4649.8832 0.71142005 5.082732600000001 5.5385317999999994
60853 34800.0 -1595.9416 -2238.3024 6426.9119 1.6288239000000002 6.8275632 2.7785556000000002
60853 35220.0 -774.2432 757.72078 6905.3462 2.2169906 7.195084700000001 -0.53878675
60853 35640.0 203.38256 3601.2165 5989.588400000001 2.3586525000000003 6.1133349 -3.7474419
60853 36060.0 1139.9937 5718.9372 3863.7478 2.0248382 3.797556 -6.2021679
60853 36480.0 1846.5767 6682.751200000001 956.37404 1.282028 0.71301502 -7.404246199999999
60853 36900.0 2180.5276000000003 6297.883400000001 -2144.7173 0.28093668000000005 -2.5138892999999998 -7.1080934
60853 37320.0 2074.9358 4643.3686 -4812.627 -0.77454791 -5.2278342 -5.3781069
60853 37740.0 1552.2472 2055.3994 -6510.6625 -1.6715344 -6.8846058999999995 -2.5705355
60853 38160.0 718.26108 -944.8816 -6899.717900000001 -2.2320552 -7.158789700000001 0.7492821199999999
60853 38580.0 -259.65118 -3755.6747000000005 -5902.1314 -2.3452533 -5.9972131 3.9208482
60853 39000.0 -1185.3072 -5812.014 -3716.3438 -1.9871252 -3.6263815 6.3103974
60853 39420.0 -1871.5509 -6695.653700000001 -780.4685400000001 -1.2282049 -0.5197072500000001 7.4326395000000005
60853 39840.0 -2180.7407000000003 -6229.786599999999 2314.1219 -0.21873541000000002 2.7002345 7.0494431
60853 40260.0 -2049.2747 -4504.9465 4940.0389000000005 0.83387617 5.3716413 5.2393201
60853 40680.0 -1504.342 -1871.1777 6566.4842 1.7161879 6.9550606 2.3750164
60853 41100.0 -656.51361 1139.6181000000001 6867.7892 2.2518702 7.136552 -0.96425153
60853 41520.0 323.38202 3921.1667 5783.9052 2.3344439 5.8821245 -4.1087658000000005
60853 41940.0 1238.1459 5913.336200000001 3532.7991 1.946858 3.4413385 -6.4271564
60853 42360.0 1903.3361000000002 6713.6698 567.89917 1.1663112000000002 0.30411106 -7.4487046
60853 42780.0 2184.5321000000004 6159.5916 -2511.8177 0.15127784 -2.8928242 -6.965757
60853 43200.0 2024.9406000000001 4362.121700000001 -5084.5019 -0.8934512200000001 -5.5056121000000005 -5.0783767
60853 43620.0 1458.8165000000001 1689.29 -6632.916200000001 -1.7559446 -7.0039648 -2.1697664
60853 44040.0 599.79029 -1322.83 -6846.2366 -2.2647687000000003 -7.0945654000000005 1.1710199000000001
60853 44460.0 -379.55985 -4069.4246000000003 -5682.1534 -2.3191680000000003 -5.760765 4.2780782
60853 44880.0 -1282.5463 -5998.0225 -3373.2484 -1.9069848 -3.2647461 6.5289988
60853 45300.0 -1927.5026 -6719.7603 -383.49073 -1.1092171000000002 -0.1052053 7.4630458
60853 45720.0 -2183.2181 -6084.7489000000005 2683.3891000000003 -0.087652981 3.0769762999999997 6.8899300000000006
60853 46140.0 -1998.7717 -4222.9076 5207.8940999999995 0.95066074 5.6363233 4.9253926
60853 46560.0 -1411.8468 -1510.645 6681.0971 1.7961873000000002 7.0577920999999995 1.9700893000000002
60853 46980.0 -540.9449599999999 1505.5149 6807.0098 2.2800042 7.0590694 -1.3809280000000002
60853 47400.0 438.74241 4218.635200000001 5559.7469 2.3052751 5.6389698 -4.4570962
60853 47820.0 1329.8116000000002 6080.9888 3189.0952 1.8655038 3.0781564 -6.6383541
60853 48240.0 1952.356 6715.495 172.73160000000001 1.0479648 -0.10896760000000001 -7.477869200000001
60853 48660.0 2180.319 5992.7619 -2878.7228999999998 0.01915646 -3.272741 -6.8025535
60853 49080.0 1966.1456 4054.8041000000003 -5344.7508 -1.0127921 -5.7764195 -4.7563832
60853 49500.0 1354.3396 1295.4193 -6729.750400000001 -1.8416660999999999 -7.1151539 -1.7404626
60853 49920.0 469.67609999999996 -1724.6923000000002 -6754.7785 -2.295824 -7.0069165 1.6289194
60853 50340.0 -509.0518 -4393.5217 -5411.4539 -2.2858749 -5.4856720999999995 4.661247
60853 50760.0 -1385.1269 -6175.5785000000005 -2972.2602 -1.8140947 -2.8537523 6.7544908999999995
60853 51180.0 -1981.1200000000001 -6709.036 69.44766 -0.97520467 0.35698135000000003 7.4799555
60853 51600.0 -2176.7285 -5886.5470000000005 3097.331 0.059378487 3.4910721 6.6900827000000005
60853 52020.0 -1933.4226 -3876.9447999999998 5499.483200000001 1.0787623000000002 5.9125999 4.5525541
60853 52440.0 -1301.5903 -1088.2174 6793.7805 1.878213 7.1398162 1.5067831
60853 52860.0 -408.91846000000004 1918.7316 6723.241900000001 2.3001406 6.9350432 -1.836699
60853 53280.0 565.59771 4541.2768 5302.518400000001 2.2612715 5.3398161 -4.8139581
60853 53700.0 1426.4865 6252.298400000001 2815.0839 1.767885 2.6672895 -6.8289282
60853 54120.0 2000.0933 6704.5396 -240.07988 0.91713159 -0.5498303200000001 -7.4702597
60853 54540.0 2170.4518 5804.9903 -3246.7780000000002 -0.11989713 -3.6603822 -6.600821600000001
60853 54960.0 1902.865 3734.1142999999997 -5596.6669 -1.1323427 -6.031399 -4.3967635000000005
60853 55380.0 1251.6013 910.28089 -6815.2035000000005 -1.9156429000000001 -7.1846811 -1.3063315
60853 55800.0 348.13241999999997 -2097.0265 -6656.9345 -2.3127997999999996 -6.8898659 2.047724
60853 56220.0 -625.38399 -4681.1287 -5153.1639000000005 -2.2438384 -5.2048988 4.9912733
60853 56640.0 -1472.6676000000002 -6320.2391 -2606.2502000000004 -1.7213915 -2.4656386 6.9284067
60853 57060.0 -2022.2501000000002 -6681.8153 468.85796999999997 -0.85074268 0.7731186 7.4624062
60853 57480.0 -2163.2777 -5693.5116 3449.1706000000004 0.19005845 3.8504519 6.4859343
60853 57900.0 -1868.2236 -3557.1983999999998 5732.9983 1.1893763 6.1440145 4.2046221
60853 58320.0 -1198.093 -706.69689 6862.7633 1.9469371000000002 7.197735 1.0845363
60853 58740.0 -287.89657 2285.5488 6613.9130000000005 2.3134604 6.8082785 -2.2491863
60853 59160.0 679.90208 4819.807 5036.6194000000005 2.2164862 5.053192699999999 -5.1343122999999995
60853 59580.0 1511.125 6386.3643 2445.8056 1.6737460000000002 2.2776221999999997 -6.9922303
60853 60000.0 2038.0489 6667.232 -638.1530200000001 0.79245309 -0.9635516900000001 -7.4421822
60853 60420.0 2154.0454 5603.759 -3593.2381 -0.24959372999999999 -4.0137799 -6.3874708
60853 60840.0 1835.5816000000002 3410.0045 -5821.7252 -1.2407643000000002 -6.2531714 -4.0420885
60853 61260.0 1147.1657 528.9351899999999 -6873.8556 -1.9811501 -7.2309088 -0.88215516
60853 61680.0 227.63693 -2458.7085 -6537.5492 -2.3224624 -6.7517059 2.4566023
60853 62100.0 -737.60469 -4950.0881 -4879.9065 -2.1956408 -4.9095283 5.3029607
60853 62520.0 -1553.9665 -6441.9692000000005 -2234.0484 -1.6248499 -2.071956 7.0795596
60853 62940.0 -2056.1368 -6631.347400000001 864.67671 -0.7254331100000001 1.1852008 7.421742500000001
60853 63360.0 -2142.8887999999997 -5480.8652999999995 3788.3507000000004 0.31860647999999997 4.1971153999999995 6.2621997
60853 63780.0 -1797.7051000000001 -3225.216 5947.1006 1.2953329000000002 6.3557248 3.843517
60853 64200.0 -1091.653 -322.09447 6908.7887 2.0091563000000003 7.2324142 0.65891751
60853 64620.0 -166.85295000000002 2645.6934 6482.4821 2.3196093 6.6590808 -2.6542163999999997
60853 65040.0 791.32286 5083.2176 4753.861400000001 2.1652459 4.749488500000001 -5.437519900000001
60853 65460.0 1590.5377 6499.9653 2068.4019 1.5751218 1.8800999 -7.1317554
60853 65880.0 2069.5037 6608.293900000001 -1034.0482 0.6664698499999999 -1.3740294 -7.3890372
60853 66300.0 2131.3049 5384.487700000001 -3927.6307 -0.37721236 -4.3536171 -6.1529435
60853 66720.0 1763.4732 3075.2202 -6027.4366 -1.3442178 -6.4540901999999996 -3.6745113000000003
60853 67140.0 1040.4132 146.44067 -6909.9415 -2.0398991 -7.253426900000001 -0.45575124
60853 67560.0 107.80518 -2811.7585 -6396.8978 -2.3249752 -6.5917634 2.8568965
60853 67980.0 -846.2211 -5202.4395 -4591.6853 -2.141111 -4.5981627 5.5966242
60853 68400.0 -1629.4396000000002 -6542.2928 -1855.7575 -1.5242425000000002 -1.671777 7.207298300000001
60853 68820.0 -2083.0983 -6558.920700000001 1256.473 -0.59901729 1.5934696 7.3571755
60853 69240.0 -2115.7494 -5249.831099999999 4114.1639 0.44523374000000004 4.5308175 6.0184245
60853 69660.0 -1721.6951000000001 -2881.4559 6140.7124 1.3968748 6.548209300000001 3.4697131
60853 70080.0 -981.97734 65.403099 6930.8727 2.0651907 7.2446025 0.22982687999999998
60853 70500.0 -45.368962 2999.2584 6327.774 2.31881 6.487935 -3.0525747
60853 70920.0 900.29403 5331.6551 4452.689 2.1074176000000002 4.4284938 -5.7244474
60853 71340.0 1665.0622 6592.9905 1681.0284 1.4717827 1.4739775 -7.248033400000001
60853 71760.0 2094.6337 6527.265 -1429.49 0.53874196 -1.7821262999999998 -7.3105268
60853 72180.0 2102.2306000000003 5146.4664 -4251.4235 -0.5031003000000001 -4.6801642 -5.8964148
60853 72600.0 1686.4395 2729.1002000000003 -6214.9095 -1.4428215 -6.6336661 -3.2932642000000003
60853 73020.0 931.2508 -237.54963 -6924.3544 -2.0917547 -7.2513404 -0.026928926000000002
60853 73440.0 -11.362088 -3156.2857999999997 -6236.233200000001 -2.3199883 -6.4090445 3.2479807000000003
60853 73860.0 -951.63772 -5440.9425 -4292.2588 -2.0787244 -4.2669378 5.8694836
60853 74280.0 -1699.7667 -6627.9717 -1481.2485 -1.4185422 -1.2662478000000001 7.302062299999999
60853 74700.0 -2103.9085 -6472.956400000001 1631.6748 -0.47349531 1.9891733 7.2651888
60853 75120.0 -2083.8621000000003 -5012.9525 4414.5035 0.56707019 4.843332 5.7588757
60853 75540.0 -1643.9135 -2542.6846 6305.62 1.4916790000000002 6.717637 3.0927863
60853 75960.0 -873.2824300000001 439.18234 6925.0428 2.1151469 7.238728500000001 -0.19339102
60853 76380.0 72.900385 3332.7016000000003 6148.4889 2.3134238999999996 6.304033400000001 -3.4415247
60853 76800.0 1004.4012 5555.452200000001 4131.2376 2.0458712 4.0973083 -6.0001352
60853 77220.0 1733.2266000000002 6657.5355 1278.8673000000001 1.3649137 1.0595841000000001 -7.3492336
60853 77640.0 2112.0327 6415.1727 -1832.3883 0.40802244000000004 -2.193648 -7.211178
60853 78060.0 2063.4997 4875.0678 -4571.242700000001 -0.6305850000000001 -5.0036552 -5.6170084
60853 78480.0 1598.8846 2351.122 -6387.4366 -1.5403496 -6.8000869 -2.8897795
60853 78900.0 812.89332 -645.11589 -6915.6475 -2.1381969 -7.2232092 0.41681225
60853 79320.0 -136.56793 -3511.6727 -6049.4175000000005 -2.3056993 -6.193542000000001 3.6373246
60853 79740.0 -1058.5105 -5671.8357000000005 -3963.2873 -2.0093188 -3.9164939 6.1266082
60853 80160.0 -1767.2764 -6689.8832999999995 -1077.0975 -1.3078219 -0.8478477900000001 7.3811444
60853 80580.0 -2119.926 -6359.849 2026.7713 -0.34302843 2.3912562 7.1450892999999995
60853 81000.0 -2045.5303999999999 -4748.4124 4721.7386 0.68969159 5.1458268 5.4683713
60853 81420.0 -1560.176 -2183.0609 6465.358 1.5817611 6.8608951 2.6931751
60853 81840.0 -761.70761 820.49271 6908.1046 2.1555630999999997 7.1975878 -0.6209111
60853 82260.0 189.57867000000002 3659.2631 5960.8906 2.2970197 6.089011 -3.8134765
60853 82680.0 1102.4263999999998 5760.907700000001 3811.4237000000003 1.9768079 3.7528257 -6.2451384
60853 83100.0 1793.4916 6703.9281 893.79283 1.2564758999999999 0.6536399199999999 -7.4161078
60853 83520.0 2122.1796 6292.0373 -2205.6094 0.2817887 -2.5814057 -7.0886741
60853 83940.0 2022.5411000000001 4610.0427 -4858.9281 -0.74793799 -5.290013200000001 -5.3287634
60853 84360.0 1515.4943 1999.3220000000001 -6531.062900000001 -1.6248538000000001 -6.9283757 -2.4981361000000004
60853 84780.0 703.8724100000001 -1013.3448000000001 -6887.2570000000005 -2.1738803 -7.1724608 0.83052651
60853 85200.0 -249.05201000000002 -3822.5193 -5856.8655 -2.2863428 -5.975801499999999 3.9925299
60853 85620.0 -1151.8326000000002 -5863.1583 -3646.1912 -1.9389567 -3.5745141 6.354679600000001
60853 86040.0 -1822.5831 -6722.7502 -699.08924 -1.200236 -0.44874982999999996 7.4369227
60854 60.0 -2125.7021 -6226.381200000001 2389.3233999999998 -0.21885285 2.7699867 7.0160711000000004
60854 480.0 -2000.1534 -4474.357900000001 4994.803 0.80556737 5.4271312 5.1782629
60854 900.0 -1472.0426000000002 -1821.8328000000001 6592.371700000001 1.6659441 6.9872979 2.2995743
60854 1320.0 -648.0622099999999 1196.9158 6861.6321 2.1906641000000002 7.141949400000001 -1.0392287
60854 1740.0 306.10263000000003 3975.0555 5748.505400000001 2.2752890000000003 5.860727 -4.1712082
60854 2160.0 1198.6366 5953.2238 3475.6177000000002 1.9015933 3.3956048 -6.4671116
60854 2580.0 1849.3703 6730.8557 500.59745000000004 1.1434901 0.24115779 -7.457971
60854 3000.0 2126.7295 6149.4016 -2576.0721000000003 0.15428447 -2.9631924 -6.9399937000000005
60854 3420.0 1974.7891000000002 4326.5621 -5131.5376 -0.86440339 -5.5653630000000005 -5.021057
60854 3840.0 1425.3187 1632.6971 -6651.3991 -1.7070073000000001 -7.042399500000001 -2.0931853
60854 4260.0 589.38225 -1389.4383 -6830.9396 -2.2055572000000003 -7.1026952 1.2526396
60854 4680.0 -364.92164 -4132.3419 -5634.4124 -2.2610598 -5.7351368 4.3480443
60854 5100.0 -1245.732 -6043.7167 -3301.4299 -1.8612449 -3.2096705 6.571400400000001
60854 5520.0 -1875.2596 -6736.0628 -300.84757 -1.0852293 -0.031872011 7.4699504
60854 5940.0 -2126.4219 -6069.366400000001 2760.503 -0.089931765 3.1528808 6.8563320999999995
60854 6360.0 -1948.3918999999999 -4177.5564 5263.526900000001 0.92199507 5.6977915999999995 4.8591234000000005
60854 6780.0 -1378.2212 -1445.0198 6704.474099999999 1.7463605 7.0911241 1.8857458
60854 7200.0 -531.02521 1578.0249 6794.486900000001 2.2189037 7.0582286000000005 -1.464323
60854 7620.0 422.83491 4283.8731 5515.598900000001 2.2456131 5.606091500000001 -4.521872500000001
60854 8040.0 1291.5511999999999 6127.575400000001 3123.9141 1.8198779999999999 3.021352 -6.672143500000001
60854 8460.0 1899.6898 6735.2128 100.53376 1.0262012999999999 -0.17750532000000002 -7.47632
60854 8880.0 2124.4455000000003 5983.6893 -2943.1403 0.025362498 -3.3405401 -6.767165100000001
60854 9300.0 1920.3849 4024.175 -5391.6185000000005 -0.97895533 -5.8259487 -4.6929101
60854 9720.0 1329.9672 1255.0941 -6752.2772 -1.7841882 -7.1340931 -1.6761701
60854 10140.0 472.2918 -1766.3143 -6752.4525 -2.2301542 -7.0076088 1.6752641000000001
60854 10560.0 -480.23032 -4432.673400000001 -5392.1556 -2.2280985 -5.4718339 4.6919607
60854 10980.0 -1336.0724 -6206.889400000001 -2943.8584 -1.7770686 -2.8302064999999996 6.7668419
60854 11400.0 -1922.3651000000002 -6728.995 99.684321 -0.96675973 0.38675178 7.4760823
60854 11820.0 -2120.6381 -5892.9677 3122.7968 0.038562986 3.5255024 6.6726609
60854 12240.0 -1891.1024 -3867.8123 5514.7547 1.0345462 5.949232 4.5230854
60854 12660.0 -1281.0721 -1064.4573 6794.1409 1.8204295 7.1713033 1.4655868
60854 13080.0 -413.57875 1952.8983 6704.6077000000005 2.2398575000000003 6.9514074 -1.8846139000000002
60854 13500.0 536.97682 4577.638 5264.073200000001 2.2091609 5.3331885 -4.858138299999999
60854 13920.0 1379.4103 6280.9396 2761.1276000000003 1.7331366000000001 2.6367833000000003 -6.8559817999999995
60854 14340.0 1943.4881 6717.1593 -300.0092 0.90669173 -0.59554943 -7.4696497
60854 14760.0 2114.9402 5796.840700000001 -3299.7105 -0.10240794 -3.7075239000000004 -6.5733584
60854 15180.0 1859.9792 3707.2591 -5633.3286 -1.0894316 -6.0681498000000005 -4.3499697
60854 15600.0 1230.7894 871.7345799999999 -6830.4011 -1.8551904 -7.2028837999999995 -1.2534935
60854 16020.0 354.24536 -2139.0786000000003 -6651.0813 -2.2474591999999998 -6.8892015 2.0926966000000005
60854 16440.0 -593.43223 -4719.8515 -5131.481900000001 -2.1880935 -5.1896031 5.020058
60854 16860.0 -1421.6103 -6350.5005 -2576.294 -1.6876733 -2.4408928000000003 6.9387535
60854 17280.0 -1963.0083000000002 -6700.2389 499.75645000000003 -0.8461553300000001 0.8038349100000001 7.456522700000001
60854 17700.0 -2108.5969 -5699.2211 3474.3705 0.16542892 3.884141 6.4659186
60854 18120.0 -1829.2053 -3549.2514 5747.4507 1.1418275000000002 6.1775478 4.1732759
60854 18540.0 -1182.0538000000001 -685.5733100000001 6862.1072 1.8870258 7.2257152 1.0442781
60854 18960.0 -297.53556000000003 2315.8111000000004 6595.1525 2.2530272 6.8223177 -2.2940525
60854 19380.0 646.70209 4851.6456 4999.476 2.1663993 5.0459261 -5.1750406
60854 19800.0 1460.4803000000002 6410.0511 2395.0964 1.6427288000000002 2.2476218 -7.016958400000001
60854 20220.0 1979.5427 6674.7389 -694.2885600000001 0.78643044 -1.0094207 -7.4413407
60854 20640.0 2098.7718999999997 5591.139400000001 -3643.2171000000003 -0.2285017 -4.0620238 -6.3589288
60854 21060.0 1794.4296000000002 3379.0703 -5854.9726 -1.1953729000000002 -6.290080700000001 -3.9939631
60854 21480.0 1128.7858999999999 486.41777 -6885.0453 -1.9198545999999999 -7.2482891 -0.82790516
60854 21900.0 236.21325000000002 -2504.0892999999996 -6527.249400000001 -2.2577909 -6.7486726 2.5024338
60854 22320.0 -703.78827 -4991.000400000001 -4853.6197 -2.1417949 -4.8907114 5.3311207000000005
60854 22740.0 -1502.0258999999999 -6472.8544 -2200.1815 -1.5939580000000002 -2.0438368000000002 7.0874029
60854 23160.0 -1997.3301000000001 -6649.353700000001 897.98999 -0.72413772 1.2178689999999999 7.4119357
60854 23580.0 -2088.3843 -5480.6660999999995 3812.7282000000005 0.29025238999999997 4.2321516 6.2443155
60854 24000.0 -1759.5073 -3208.6638 5961.1955 1.2468353 6.3929165999999995 3.8088617
60854 24420.0 -1076.5835 -291.55186 6905.8153 1.9493260000000001 7.2601249 0.61312766
60854 24840.0 -177.33438 2684.2219 6459.2357 2.2596226 6.6680412 -2.7031841
60854 25260.0 757.51346 5120.5374 4711.4351 2.1158897000000003 4.7346653 -5.4776180000000005
60854 25680.0 1539.8916000000002 6526.358200000001 2013.2229 1.5457455 1.8442309000000001 -7.1508012
60854 26100.0 2011.8585 6616.6286 -1091.6749 0.66378088 -1.4198393 -7.3807423
60854 26520.0 2077.234 5369.0117 -3976.6068999999998 -0.35142605 -4.397903500000001 -6.1234554
60854 26940.0 1722.9912 3036.7652000000003 -6056.1467 -1.2972032999999998 -6.4933702 -3.6264163
60854 27360.0 1023.0409000000001 95.802153 -6916.126 -1.9784747 -7.2707296 -0.39943489
60854 27780.0 117.2621 -2864.5164 -6380.9515 -2.2609211 -6.5849046 2.9037716999999996
60854 28200.0 -812.05687 -5248.7803 -4559.2897 -2.088692 -4.5742855 5.6223069
60854 28620.0 -1577.9311 -6576.7653 -1817.7923 -1.4957938 -1.6407509 7.2084938
60854 29040.0 -2026.0403000000001 -6580.2848 1290.7721000000001 -0.60162767 1.6237621 7.339739499999999
60854 29460.0 -2066.2787 -5258.8682 4139.122200000001 0.41247823 4.558025 5.990970900000001
60854 29880.0 -1691.3915 -2880.9049 6153.612 1.3419066 6.5715307 3.438356
60854 30300.0 -977.1664900000001 75.142332 6930.3668 2.0011131 7.2646728000000005 0.19731803
60854 30720.0 -66.969465 3016.0165 6313.3543 2.259237 6.500092400000001 -3.0862703000000002
60854 31140.0 856.5572500000001 5350.2778 4424.2412 2.0633856 4.4250814 -5.7563591
60854 31560.0 1607.2758000000001 6606.124900000001 1642.1876000000002 1.4502082 1.450147 -7.268805599999999
60854 31980.0 2033.127 6526.3639 -1473.2948000000001 0.54262001 -1.8239644000000002 -7.310903100000001
60854 32400.0 2047.6893 5126.2738 -4290.0318 -0.47433121 -4.7279474 -5.870809
60854 32820.0 1647.7108 2689.2817000000005 -6234.256200000001 -1.3933818000000002 -6.6741212 -3.2508849
60854 33240.0 915.70813 -290.84385 -6921.2313 -2.0312936 -7.2719951 0.030097061
60854 33660.0 -0.83456185 -3212.5472999999997 -6209.9273 -2.2583473 -6.4024706 3.2984636000000003
60854 34080.0 -917.18299 -5487.075 -4244.340200000001 -2.0304409 -4.2429291000000005 5.9007268999999996
60854 34500.0 -1648.718 -6655.9547999999995 -1421.2596 -1.3933548 -1.2278009 7.3114016
60854 34920.0 -2048.1206 -6483.8994 1689.0217 -0.47624950000000005 2.0320868 7.2450207
60854 35340.0 -2035.5513 -5007.4818 4458.9084 0.53456515 4.8767244000000005 5.7193865
60854 35760.0 -1614.5434 -2526.1706 6331.9372 1.4356991000000001 6.736827000000001 3.0483076000000002
60854 36180.0 -870.2206600000001 461.09503000000007 6933.7480000000005 2.048339 7.2459953 -0.2314698
60854 36600.0 48.323516000000005 3355.8828 6143.4354 2.2511962 6.3032753 -3.4690018
60854 37020.0 957.0660600000001 5576.694 4116.7757 2.0019083 4.089393 -6.0180689
60854 37440.0 1672.7462 6673.2047 1258.7488 1.3475293 1.0414333999999998 -7.3588676
60854 37860.0 2050.209 6420.451400000001 -1854.406 0.41874415 -2.2250436000000002 -7.2096762
60854 38280.0 2012.5611000000001 4867.722900000001 -4591.1174 -0.59479544 -5.0411478 -5.5973867
60854 38700.0 1567.8238000000001 2330.2819 -6396.8736 -1.4863096 -6.8335901 -2.8540438
60854 39120.0 806.15648 -678.28647 -6906.1731 -2.0783941 -7.2449611 0.47432706
60854 39540.0 -118.31949 -3550.1935 -6017.5609 -2.2485303 -6.190635599999999 3.6963026
60854 39960.0 -1018.9583000000001 -5706.5545 -3912.7136 -1.9629169 -3.8777605 6.1743005
60854 40380.0 -1712.4782 -6703.822099999999 -1012.0690000000001 -1.2823575 -0.78622395 7.4034803
60854 40800.0 -2059.4458 -6344.285900000001 2094.1593000000003 -0.34135753999999996 2.4690452 7.1326938
60854 41220.0 -1989.6532 -4700.7707 4775.5767000000005 0.6676997699999999 5.2217607 5.416104000000001
60854 41640.0 -1517.8914 -2107.2208 6490.1498 1.5396205 6.9143411 2.6081236
60854 42060.0 -740.3003000000001 910.86255 6893.4863 2.099604 7.211215 -0.71947681
60854 42480.0 186.21882000000002 3745.8027 5906.5648 2.2369021 6.0575725 -3.8994153000000003
60854 42900.0 1075.259 5827.2648 3728.5266 1.9241294 3.6842174 -6.294551800000001
60854 43320.0 1747.8254 6735.6612000000005 797.99347 1.2236135 0.56704948 -7.420685400000001
60854 43740.0 2068.4189 6287.722900000001 -2293.5936 0.27696169 -2.6634449 -7.0487131000000005
60854 44160.0 1972.8064 4574.432900000001 -4922.7677 -0.72389474 -5.3537501 -5.2570198
60854 44580.0 1481.035 1942.5140000000001 -6560.872 -1.5777051 -6.9648776 -2.4105602
60854 45000.0 692.19406 -1079.0722 -6879.5329 -2.1146302 -7.178091500000001 0.91943734
60854 45420.0 -235.5096 -3883.8807 -5813.8177000000005 -2.2275583 -5.9493238 4.0698887
60854 45840.0 -1115.9433000000001 -5907.7831 -3575.3912000000005 -1.8913897 -3.5159977 6.4077377
60854 46260.0 -1770.6951999999999 -6738.1427 -614.17678 -1.1724162 -0.3669607 7.4530114
60854 46680.0 -2067.2597 -6205.3747 2471.7957 -0.21544401999999999 2.8604583 6.988482100000001
60854 47100.0 -1945.7484 -4417.5213 5056.7537 0.7840007900000001 5.5061533 5.1083572
60854 47520.0 -1429.9707 -1735.6632 6612.231900000001 1.6259860000000002 7.0437327 2.1953912
60854 47940.0 -625.83872 1297.6941000000002 6833.6923 2.137788 7.152005900000001 -1.1627906000000001
60854 48360.0 304.25842 4068.1169 5672.617 2.216999 5.8138925 -4.2836483
60854 48780.0 1173.0384 6015.9377 3359.8450000000003 1.8487855 3.3012282 -6.5401904
60854 49200.0 1804.4298999999999 6746.5573 365.60933 1.1061051 0.11808723 -7.4719389000000005
60854 49620.0 2070.7955 6112.3191 -2702.9801 0.14082757 -3.0851342 -6.8884004999999995
60854 50040.0 1919.3967 4244.8387 -5224.9761 -0.84960727 -5.6560098 -4.9149576
60854 50460.0 1381.8685 1523.102 -6693.603 -1.6658215 -7.0823646 -1.9605772
60854 50880.0 567.36482 -1504.0642 -6817.335400000001 -2.1466108 -7.0871611 1.3808083999999998
60854 51300.0 -360.71725000000004 -4230.0704000000005 -5572.6246 -2.1975392 -5.6723173 4.4458894
60854 51720.0 -1216.3980000000001 -6107.8105000000005 -3207.8489 -1.8073395 -3.1153296999999998 6.623182
60854 52140.0 -1827.3675 -6757.1219 -196.44136 -1.0521795 0.07622791200000001 7.470162800000001
60854 52560.0 -2070.0674 -6044.8797 2854.433 -0.083611594 3.2574756000000002 6.8077433
60854 52980.0 -1895.2295000000001 -4113.4502 5328.0472 0.90183406 5.781852 4.7687949
60854 53400.0 -1338.26 -1352.6269 6724.653200000001 1.7048452 7.1393206000000005 1.7674995
60854 53820.0 -511.57558 1680.8251 6762.3525 2.1642047 7.0578374 -1.5911568999999999
60854 54240.0 418.05559000000005 4375.6327 5434.613 2.1864489 5.5475110999999995 -4.6343714
60854 54660.0 1262.9393 6185.6273 3006.2032000000004 1.7675126 2.9182542 -6.7388396
60854 55080.0 1852.3728 6744.1248 -32.592757 0.99097226 -0.30475872 -7.4820978
60854 55500.0 2067.1801 5938.6058 -3064.9 0.014578736 -3.4642002000000005 -6.708578800000001
60854 55920.0 1862.601 3928.2358 -5473.8763 -0.96470976 -5.925710100000001 -4.580179
60854 56340.0 1281.1521 1122.606 -6773.2204 -1.7491769 -7.1897809 -1.5229139
60854 56760.0 441.70783 -1908.6465 -6704.155900000001 -2.1787818000000003 -6.9934003 1.8475163000000001
60854 57180.0 -486.45671999999996 -4553.5323 -5279.273700000001 -2.1664065 -5.3800701 4.8389597
60854 57600.0 -1316.2903000000001 -6276.3548 -2781.3666000000003 -1.7170656 -2.6812512 6.8525515
60854 58020.0 -1879.6774 -6728.8093 280.96353000000005 -0.9195014 0.5638784000000001 7.4781934
60854 58440.0 -2062.5975 -5819.3201 3286.4599 0.063102334 3.6913847 6.5868801
60854 58860.0 -1829.3421 -3735.475 5627.4671 1.0298232 6.0642581 4.365679
60854 59280.0 -1227.6343000000002 -899.0535400000001 6832.3315 1.7861087 7.2111617 1.2750681
60854 59700.0 -379.66038000000003 2117.9021000000002 6663.1781 2.1829389000000003 6.9103116 -2.0663628
60854 60120.0 544.36564 4710.2558 5154.8729 2.1421286 5.2232593 -4.9938823
60854 60540.0 1359.0474 6356.9533 2609.2172 1.6707747 2.4829315000000003 -6.921242400000001
60854 60960.0 1900.0488 6723.7669000000005 -462.81678000000005 0.86189879 -0.76379036 -7.4560303999999995
60854 61380.0 2058.2682 5736.043900000001 -3441.361 -0.12135851 -3.8588609000000003 -6.4835913000000005
60854 61800.0 1801.6466 3592.1955000000003 -5724.5160000000005 -1.0795723000000002 -6.1746297000000006 -4.2020062
60854 62220.0 1182.1853999999998 724.84942 -6851.826400000001 -1.8196609000000001 -7.2454030000000005 -1.0741295
60854 62640.0 324.72979 -2288.3962 -6596.0793 -2.1935295999999997 -6.8574146 2.2714646
60854 63060.0 -597.8752099999999 -4840.0393 -5008.817099999999 -2.1254152 -5.085509500000001 5.162257899999999
60854 63480.0 -1399.8777 -6414.7341 -2407.4193 -1.6279278 -2.283029 7.0134645
60854 63900.0 -1918.8562 -6692.425200000001 682.05838 -0.8009424199999999 0.98323936 7.444598699999999
60854 64320.0 -2050.1041 -5617.590700000001 3633.6924 0.18666749 4.0465421 6.3677927
60854 64740.0 -1766.8793 -3406.4904 5849.6574 1.1342927 6.2887561 4.009995
60854 65160.0 -1128.9846000000002 -511.90214000000003 6887.5157 1.8510411999999998 7.2589474 0.84900455
60854 65580.0 -264.49465000000004 2485.6025 6539.4834 2.1952943 6.7713549 -2.4775486
60854 66000.0 653.0121899999999 4984.4783 4876.3405999999995 2.0991971 4.924563600000001 -5.3072547000000005
60854 66420.0 1439.3155 6482.1743 2231.3862000000004 1.5808625 2.0843123 -7.072331600000001
60854 66840.0 1935.7865 6674.7862000000005 -863.7352099999999 0.7432893500000001 -1.1809714 -7.413152500000001
60854 67260.0 2042.3926000000001 5523.081400000001 -3784.4906 -0.24422109 -4.2089245 -6.2562354
60854 67680.0 1737.6923000000002 3259.0667000000003 -5941.1452 -1.1817383 -6.387123300000001 -3.8375601
60854 68100.0 1083.3427 339.22178 -6899.2547 -1.8808619000000002 -7.2788717 -0.64661993
60854 68520.0 211.04776 -2648.8134 -6465.6023 -2.2018369 -6.7059787 2.6769165
60854 68940.0 -703.8906999999999 -5103.6056 -4725.798400000001 -2.0786205 -4.7747419 5.469398600000001
60854 69360.0 -1476.1547 -6526.5643 -2030.5592 -1.5352877 -1.8782406 7.1539093000000005
60854 69780.0 -1949.7186000000002 -6628.2688 1077.7332 -0.68090199 1.4025638 7.3921173
60854 70200.0 -2028.8095 -5388.8011 3967.4872000000005 0.31045343000000003 4.3972336 6.131676000000001
60854 70620.0 -1696.6983 -3056.8613 6051.2915 1.2387750000000002 6.5039506000000005 3.6320601000000003
60854 71040.0 -1021.0566 -105.20364000000001 6907.9405 1.9170608 7.2966443 0.3950114
60854 71460.0 -139.81210000000002 2867.3352000000004 6369.1732 2.2058991000000003 6.6053787 -2.9252356
60854 71880.0 769.2924300000001 5260.7713 4543.2789 2.0469893 4.5758305 -5.6453521
60854 72300.0 1523.7962 6594.945900000001 1798.1216000000002 1.4754280000000002 1.6285913 -7.2153929
60854 72720.0 1968.6605 6589.802900000001 -1311.8084 0.6082883000000001 -1.6460133000000001 -7.3380913
60854 73140.0 2017.1218000000001 5257.780900000001 -4156.7641 -0.38126514 -4.587604000000001 -5.9767652
60854 73560.0 1659.4308999999998 2866.9755 -6162.6465 -1.2926216 -6.6017549 -3.4118153
60854 73980.0 968.0833000000001 -100.37807000000001 -6926.2381 -1.9431693 -7.2868091 -0.16218896000000002
60854 74400.0 82.177127 -3047.5112000000004 -6293.9918 -2.2033012 -6.5068506 3.1219482
60854 74820.0 -820.15015 -5380.8365 -4391.5155 -2.0199571 -4.4136577 5.7827272999999995
60854 75240.0 -1557.4424 -6632.438400000001 -1604.9301 -1.4283671 -1.4281669 7.271908000000001
60854 75660.0 -1979.9267 -6542.843 1507.9155 -0.54891505 1.8475594000000002 7.2960839
60854 76080.0 -2002.2713999999999 -5131.169400000001 4314.7133 0.4386281 4.7447927 5.8520991
60854 76500.0 -1622.1345000000001 -2687.3648 6253.1054 1.337858 6.6857587 3.2247953000000003
60854 76920.0 -916.28453 295.9226 6932.2025 1.9656977 7.2774744 -0.045224859000000006
60854 77340.0 -26.587642 3219.922 6216.8236 2.1986649000000003 6.4087392 -3.3030692
60854 77760.0 868.40404 5497.7095 4250.772 1.9903478000000001 4.2519793 -5.8995098
60854 78180.0 1588.7898 6670.3154 1428.1853999999998 1.3811491 1.2353771 -7.3110421
60854 78600.0 1989.2188999999998 6499.8535 -1682.3373000000001 0.49308746000000003 -2.0335047 -7.2477495
60854 79020.0 1988.9563 5019.9316 -4453.317599999999 -0.49416636999999997 -4.8925451 -5.7209041

