CIC_OEM_VERS = 2.0
CREATION_DATE = 2025-06-27T10:30:50.848031
ORIGINATOR = ISAE-SUPAERO


META_START
OBJECT_NAME = Sat
OBJECT_ID = Sat
CENTER_NAME = Earth
REF_FRAME = EME2000
TIME_SYSTEM = UTC
START_TIME = 2025-06-26T22:00:00.000
USEABLE_START_TIME = 2025-06-26T22:00:00.000
USEABLE_STOP_TIME = 2025-06-28T21:57:00.000
STOP_TIME = 2025-06-28T21:57:00.000
INTERPOLATION = lagrange
INTERPOLATION_DEGREE = 5
META_STOP


60852 79200.0 885.30245 885.89136 6737.505400000001 0.2503308 -7.5580737000000004 0.96282551
60852 79620.0 892.21963 -2269.3136 6406.635 -0.21796144 -7.1937394999999995 -2.5094186
60852 80040.0 708.7339300000001 -4940.259900000001 4705.027400000001 -0.63995569 -5.2935771 -5.4462081
60852 80460.0 373.87553 -6556.048 1995.9124 -0.92562683 -2.2602561999999997 -7.2191786
60852 80880.0 -40.908622 -6770.7889000000005 -1141.0048000000002 -1.0135231 1.2561057 -7.445440700000001
60852 81300.0 -446.95996 -5539.9499000000005 -4033.5986000000003 -0.8849813900000001 4.4992007 -6.0782726
60852 81720.0 -757.8144599999999 -3128.2485 -6064.674599999999 -0.56858542 6.7759389 -3.4188821
60852 82140.0 -907.62049 -51.5794 -6803.4179 -0.13190944999999998 7.6096798 -0.035400056
60852 82560.0 -864.62252 3035.9351 -6092.977400000001 0.33310864 6.826302200000001 3.3581744
60852 82980.0 -637.60213 5476.782099999999 -4082.2131000000004 0.72852782 4.5852933 6.0440464
60852 83400.0 -274.42752 6746.7592 -1197.6138 0.96957894 1.3570673 7.4434122
60852 83820.0 147.55744 6572.9352 1944.4797 1.0031804 -2.1700746 7.244959700000001
60852 84240.0 537.94336 4990.1065 4668.82 0.82183474 -5.2290828000000005 5.4904681
60852 84660.0 812.67945 2333.6999 6386.6106 0.46530926 -7.171391300000001 2.5627516
60852 85080.0 913.72693 -819.65477 6735.9802 0.008049378000000001 -7.5739472 -0.92271457
60852 85500.0 820.3854699999999 -3801.8355 5648.117 -0.45026847 -6.3412405 -4.2031282
60852 85920.0 550.63257 -5965.6354 3342.6686 -0.81185346 -3.7612765 -6.5802784
60852 86340.0 163.54976000000002 -6853.3057 323.73093 -0.99983067 -0.3807783 -7.5470578
60853 360.0 -258.78775 -6274.697700000001 -2766.6152 -0.97466741 3.0859004 -6.900109400000001
60853 780.0 -625.84276 -4354.3909 -5264.2268 -0.74150887 5.8886227 -4.7774669
60853 1200.0 -859.4422 -1505.5975 -6636.2892 -0.3507985 7.4302969 -1.6382025000000002
60853 1620.0 -910.0372 1663.8688000000002 -6591.4332 0.11423792 7.3886534 1.8479091
60853 2040.0 -766.82803 4478.8314 -5139.0593 0.55544947 5.7722729 4.9431195
60853 2460.0 -459.98221 6338.3423 -2586.9986000000004 0.8790127700000001 2.9190631 6.9865733
60853 2880.0 -54.858212 6842.4498 519.1040300000001 1.0150297000000001 -0.56290488 7.534248300000001
60853 3300.0 361.93812 5880.9825 3513.0156 0.9343395400000001 -3.9226969 6.4691721
60853 3720.0 701.48408 3658.7262 5754.1938 0.65422804 -6.4449977 4.0196801
60853 4140.0 891.56525 658.34492 6766.1628 0.23463725 -7.582339 0.71276326
60853 4560.0 891.62421 -2482.5259 6332.173400000001 -0.23429963 -7.1028287 -2.7413071
60853 4980.0 701.75972 -5094.588 4545.8022 -0.6534622900000001 -5.109627400000001 -5.6108258
60853 5400.0 362.30039000000005 -6620.4987 1787.7977 -0.9336880200000001 -2.0240408 -7.2835723
60853 5820.0 -54.461316 -6733.6522 -1352.7587 -1.0147765 1.4944640999999999 -7.3986379
60853 6240.0 -459.64882 -5409.6652 -4204.281900000001 -0.8795418100000001 4.6912203 -5.932602
60853 6660.0 -766.9362600000001 -2933.9945000000002 -6158.0521 -0.5573089999999999 6.8833106 -3.2028022000000003
60853 7080.0 -911.1424000000001 165.66571 -6798.8599 -0.1169531 7.6096601 0.20670453
60853 7500.0 -861.59643 3229.9514 -5990.093400000001 0.34878131 6.71734 3.575843
60853 7920.0 -628.3845 5604.7186 -3901.1066 0.74130057 4.3912459 6.1893072
60853 8340.0 -260.97499 6782.7373 -976.58564 0.97646385 1.114839 7.4828569
60853 8760.0 162.3494 6507.0818 2157.7295 1.0025726 -2.4034207000000003 7.1692742
60853 9180.0 550.8980799999999 4837.037 4828.5323 0.81411769 -5.4018882 5.31815
60853 9600.0 821.02517 2124.6483 6458.3339000000005 0.45179901 -7.2514595 2.3277051
60853 10020.0 915.64188 -1041.7392 6703.900000000001 -0.008543374500000001 -7.5407812000000005 -1.1713385
60853 10440.0 815.1694200000001 -3984.0234 5517.475 -0.46579514 -6.2045506 -4.408198400000001
60853 10860.0 539.66025 -6069.6212000000005 3143.1052999999997 -0.82372685 -3.5456844000000003 -6.7027953
60853 11280.0 148.3285 -6854.760700000001 91.807826 -1.005797 -0.12422051 -7.5614631
60853 11700.0 -274.80862 -6170.2667 -2979.2636 -0.9723773800000001 3.3234643999999998 -6.7951869
60853 12120.0 -638.40198 -4159.9221 -5404.6167000000005 -0.7319113 6.0596554 -4.5787423
60853 12540.0 -866.00812 -1259.1541000000002 -6674.9438 -0.33353009 7.4977125 -1.3706867999999999
60853 12960.0 -908.25616 1912.4362 -6512.6224 0.1364469 7.3240460999999994 2.1318652
60853 13380.0 -756.3509300000001 4673.5113 -4954.717000000001 0.57605517 5.5807059 5.1681064
60853 13800.0 -442.12170000000003 6432.621 -2330.369 0.89306192 2.642411 7.100779800000001
60853 14220.0 -33.155872 6812.9939 794.82362 1.0188221 -0.86374987 7.5085633
60853 14640.0 382.90743 5733.9791 3749.481 0.92642554 -4.1783378 6.3052592999999995
60853 15060.0 717.22007 3429.1204 5901.4278 0.6369109 -6.5915602 3.7585450000000002
60853 15480.0 898.93529 394.89254999999997 6794.5243 0.21293023 -7.5951269 0.4185553
60853 15900.0 889.78966 -2723.3306000000002 6241.0178 -0.25568052 -6.985079300000001 -3.0065136000000003
60853 16320.0 691.73511 -5263.117700000001 4358.702 -0.6705298900000001 -4.8894268 -5.795243800000001
60853 16740.0 346.51709999999997 -6682.8042000000005 1546.5267 -0.9436451 -1.7465317 -7.352851800000001
60853 17160.0 -72.57063400000001 -6677.0014 -1596.0321999999999 -1.0158216 1.7749868 -7.3394837
60853 17580.0 -476.16005 -5245.212 -4396.8832 -0.8710808 4.9188411 -5.7546973
60853 18000.0 -778.09049 -2693.5948 -6256.5712 -0.5405780099999999 7.010555500000001 -2.9398214
60853 18420.0 -914.00823 432.69812 -6777.8653 -0.094851766 7.6059394000000005 0.50292983
60853 18840.0 -854.69217 3465.9813 -5847.7322 0.37176989 6.5783601 3.8429519
60853 19260.0 -613.50238 5760.4939 -3670.1933 0.7592276900000001 4.1364887 6.3603705
60853 19680.0 -240.46621 6818.880400000001 -701.50394 0.98494067 0.81036551 7.5192072
60853 20100.0 184.06362 6416.666 2418.0072 0.99977353 -2.6902464 7.0640389
60853 20520.0 569.2081 4639.9804 5018.6318 0.80106495 -5.6102322000000004 5.0962388
60853 20940.0 832.9164000000001 1873.151 6545.5784 0.43203096 -7.324986 2.0437667
60853 21360.0 919.26364 -1292.8044 6674.7985 -0.0282224 -7.477602200000001 -1.4390073
60853 21780.0 810.03933 -4183.6465 5379.9811 -0.4825426 -6.0385909 -4.6151915
60853 22200.0 528.3008100000001 -6183.2522 2936.2998 -0.83482925 -3.3096387 -6.8102838000000006
60853 22620.0 133.81922 -6862.805200000001 -135.63537 -1.0094449 0.12934185 -7.5514167
60853 23040.0 -289.29218 -6076.0183 -3178.8482999999997 -0.96875723 3.5399321 -6.6775104
60853 23460.0 -650.71874 -3993.3567000000003 -5542.366 -0.7212935300000001 6.1927651 -4.3748711
60853 23880.0 -873.57888 -1060.2925 -6722.518400000001 -0.32082007 7.5205833 -1.1437131
60853 24300.0 -910.63126 2098.3547000000003 -6469.0593 0.14760453 7.248091500000001 2.3289312
60853 24720.0 -753.91044 4810.3766 -4835.5106 0.58530836 5.431399900000001 5.309485899999999
60853 25140.0 -436.42981000000003 6496.437900000001 -2168.2774 0.89916713 2.4500938000000003 7.1609530999999995
60853 25560.0 -25.684716 6793.844400000001 963.34169 1.0212507000000002 -1.0605756 7.479865200000001
60853 25980.0 390.59158 5637.8263 3888.4501 0.9249249600000001 -4.3437536 6.1949689
60853 26400.0 723.42903 3276.7878 5980.401400000001 0.63134491 -6.6939509 3.5863237
60853 26820.0 902.0031700000001 216.62995999999998 6793.4128 0.20365009 -7.6134282 0.21532848999999998
60853 27240.0 888.37132 -2889.6958 6154.7908 -0.26744043 -6.9099609 -3.2013269
60853 27660.0 685.2803299999999 -5379.649200000001 4200.057 -0.68220497 -4.7302566 -5.9380476
60853 28080.0 335.78542 -6719.963400000001 1345.634 -0.95180087 -1.5351099 -7.4064663
60853 28500.0 -85.53478100000001 -6622.6455000000005 -1797.3908999999999 -1.0179263 1.9896589 -7.2869088
60853 28920.0 -488.2892 -5103.955900000001 -4552.0616 -0.8670442500000001 5.0914445 -5.6094821
60853 29340.0 -787.19581 -2496.473 -6335.4015 -0.5306558 7.0968022 -2.7298801
60853 29760.0 -918.1405100000001 643.73517 -6763.3471 -0.081663785 7.5847786 0.72837039
60853 30180.0 -853.3419 3646.7414 -5745.5523 0.38465366 6.455494300000001 4.0302286
60853 30600.0 -606.5197900000001 5871.7882 -3498.9581000000003 0.7694112300000001 3.9467988000000003 6.473388
60853 31020.0 -230.16002 6842.6875 -503.12516 0.9901828500000001 0.59208464 7.5322252
60853 31440.0 195.41235 6350.8824 2600.5379 0.99953167 -2.8871294 6.978616
60853 31860.0 579.3909100000001 4501.9108 5148.0590999999995 0.79579898 -5.7468762 4.933942
60853 32280.0 840.03244 1695.296 6596.6908 0.42298463 -7.3750990000000005 1.8400145
60853 32700.0 922.08224 -1471.9024 6638.902700000001 -0.039356109 -7.4336781 -1.6426277
60853 33120.0 808.05728 -4325.9666 5265.6491 -0.4939421 -5.9102088 -4.778949300000001
60853 33540.0 521.84555 -6257.906599999999 2767.4771 -0.84424467 -3.1227288 -6.900703099999999
60853 33960.0 124.5295 -6860.8297999999995 -322.00766 -1.0137270999999999 0.33656355000000004 -7.5398642
60853 34380.0 -299.31079 -5992.7037 -3340.8442999999997 -0.96778162 3.7205171999999997 -6.573148199999999
60853 34800.0 -659.3696600000001 -3847.6677999999997 -5645.7794 -0.71573676 6.3079893 -4.2036473
60853 35220.0 -879.1015699999999 -883.62503 -6745.8731 -0.31165505000000004 7.550629700000001 -0.93980613
60853 35640.0 -911.7611999999999 2268.3612000000003 -6406.5740000000005 0.15910307 7.186448500000001 2.5272406000000003
60853 36060.0 -750.1506899999999 4936.8775000000005 -4698.5118 0.5967111700000001 5.2887649 5.4596554
60853 36480.0 -429.03271 6554.954 -1988.7924 0.9073713299999999 2.2507647000000004 7.2243072
60853 36900.0 -15.781445 6765.8244 1149.1408000000001 1.0248079 -1.2657049999999999 7.4463827
60853 37320.0 400.87782000000004 5530.032700000001 4040.8648 0.92319301 -4.5113355 6.0726921
60853 37740.0 731.94483 3112.8777999999998 6067.2883 0.62479559 -6.7886652000000005 3.402232
60853 38160.0 906.9955100000001 31.948538000000003 6796.7826 0.19370043 -7.615967800000001 0.0088180472
60853 38580.0 888.80929 -3055.7491 6074.304700000001 -0.27879635 -6.8203303 -3.3870299
60853 39000.0 681.06604 -5491.735 4052.9221000000002 -0.69262622 -4.5668593 -6.0639354999999995
60853 39420.0 327.78507 -6753.7609 1163.2451 -0.95909461 -1.3322483 -7.445455700000001
60853 39840.0 -95.639647 -6570.4579 -1975.9848000000002 -1.0204763000000001 2.1889054000000003 -7.2301496
60853 40260.0 -498.53555 -4979.9723 -4690.4138 -0.86411094 5.2378581 -5.4687221
60853 40680.0 -795.30421 -2327.5127 -6403.1867999999995 -0.52349378 7.1620824 -2.5397301000000003
60853 41100.0 -922.6898199999999 820.82796 -6748.4065 -0.072196373 7.5581012 0.92502185
60853 41520.0 -853.77439 3794.5271000000002 -5653.9315 0.39448274 6.345534 4.1924858
60853 41940.0 -603.05151 5959.946599999999 -3352.1999 0.77789384 3.7780114 6.5694474000000005
60853 42360.0 -223.66767000000002 6853.5127999999995 -333.36493 0.99588717 0.39886316 7.5439735
60853 42780.0 203.49605 6282.7991 2756.8306000000002 1.0012189 -3.0668566 6.9028439
60853 43200.0 587.22425 4370.3054 5256.8466 0.792913 -5.8737852 4.7856883
60853 43620.0 845.77746 1525.9363 6633.1811 0.41601703 -7.424668800000001 1.6496537
60853 44040.0 924.2053199999999 -1643.4242 6593.077200000001 -0.04936727 -7.3936698 -1.837475
60853 44460.0 805.66992 -4462.3151 5144.1639000000005 -0.50494928 -5.7855345 -4.937252099999999
60853 44880.0 515.38679 -6329.7965 2595.7223 -0.85341277 -2.935025 -6.9837784
60853 45300.0 114.72571 -6841.164400000001 -509.9958 -1.0199176 0.54563653 -7.5362307
60853 45720.0 -310.54402000000005 -5888.5511 -3506.6441 -0.9681527700000001 3.9086770000000004 -6.471778400000001
60853 46140.0 -669.42078 -3675.9791 -5751.3663 -0.7098837200000001 6.431134200000001 -4.0246842
60853 46560.0 -885.5761 -679.76374 -6766.5381 -0.30086262 7.57718 -0.72239758
60853 46980.0 -913.14869 2461.2934 -6336.7126 0.17196652 7.10886 2.7320542
60853 47400.0 -746.18863 5077.8258 -4553.2474 0.6087659200000001 5.1240858 5.606807
60853 47820.0 -419.97249 6610.5553 -1795.3311 0.916365 2.0405811000000003 7.2861596
60853 48240.0 -4.0175219 6730.0718 1347.1897 1.0282828 -1.4820207 7.4048006
60853 48660.0 412.79178 5407.121700000001 4200.2604 0.92104038 -4.6850866 5.9417987000000005
60853 49080.0 740.8333100000001 2924.5522 6148.4802 0.61664654 -6.8981293 3.2010347
60853 49500.0 910.66507 -182.57128 6780.3291 0.17988661 -7.6278853 -0.22817285999999998
60853 49920.0 886.1132600000001 -3250.175 5961.174900000001 -0.29573671 -6.7174751 -3.6101199000000004
60853 50340.0 671.40611 -5621.6762 3859.0573 -0.70808313 -4.3688333 -6.2171057
60853 50760.0 312.70846 -6787.664400000001 927.16173 -0.96876647 -1.0824414 -7.488432700000001
60853 51180.0 -113.04487 -6499.0711 -2204.2411 -1.0215937 2.4298875 -7.1502704999999995
60853 51600.0 -514.6804500000001 -4821.9227 -4863.759599999999 -0.85635381 5.4101413 -5.2847289
60853 52020.0 -806.87808 -2118.5092000000004 -6486.1230000000005 -0.51014556 7.2290976 -2.3027475
60853 52440.0 -928.10896 1034.1197 -6730.2291 -0.056812584 7.512635400000001 1.1607368
60853 52860.0 -852.85057 3967.7327999999998 -5545.5202 0.40889524 6.2044032 4.379841000000001
60853 53280.0 -596.6680500000001 6059.2469 -3181.2472000000002 0.78919785 3.5730248000000002 6.6757595
60853 53700.0 -213.44922 6859.915400000001 -138.0143 1.0026183 0.16910116 7.5524463
60853 54120.0 215.34856 6194.7346 2934.5678 1.0020474000000001 -3.2797905999999997 6.811287800000001
60853 54540.0 598.01637 4203.6377 5377.2524 0.78692179 -6.0287207 4.6076747
60853 54960.0 852.64 1312.7167 6665.8223 0.40347895 -7.486420600000001 1.4162899
60853 55380.0 925.0676800000001 -1859.6447 6526.1409 -0.066879537 -7.3383709 -2.0830659000000002
60853 55800.0 799.88606 -4634.2569 4988.653200000001 -0.52209795 -5.617410700000001 -5.12911
60853 56220.0 503.02734000000004 -6413.321400000001 2377.6182000000003 -0.86622168 -2.6981031 -7.0803123
60853 56640.0 98.43485799999999 -6818.8908 -744.2118399999999 -1.025268 0.80200156 -7.513642600000001
60853 57060.0 -327.17582 -5762.8252999999995 -3705.6384 -0.96502898 4.1278872 -6.3361032999999995
60853 57480.0 -682.65965 -3469.5344 -5870.2593 -0.69902937 6.5721723 -3.8037432
60853 57900.0 -892.86298 -436.96429 -6781.8398 -0.28372704 7.6024807 -0.4586544
60853 58320.0 -912.59415 2688.4193999999998 -6242.6407 0.19142037 7.0100505 2.9790464
60853 58740.0 -737.79042 5240.6591 -4369.0527 0.62591132 4.9225887 5.7806202
60853 59160.0 -405.60356 6674.927900000001 -1560.9813000000001 0.9272089099999999 1.7827774 7.3475902
60853 59580.0 13.167144 6684.5145 1581.21 1.0306593 -1.7370368 7.342421900000001
60853 60000.0 429.20047999999997 5268.2351 4385.6168 0.91441383 -4.8814136 5.769031200000001
60853 60420.0 753.91092 2731.0337999999997 6254.3173 0.60392161 -6.9809707 2.9688944999999998
60853 60840.0 918.4595 -386.44974 6790.8022 0.16545776 -7.5956121 -0.46063497999999997
60853 61260.0 887.8524 -3421.654 5880.537200000001 -0.30876146 -6.595489400000001 -3.7966888
60853 61680.0 668.17625 -5727.7412 3714.5789 -0.7186088700000001 -4.1846194 -6.3313479
60853 62100.0 305.94678999999996 -6810.2837 754.11362 -0.97576041 -0.87069525 -7.514046500000001
60853 62520.0 -121.88634 -6433.008400000001 -2368.9252 -1.0243726 2.6348266 -7.0852908
60853 62940.0 -523.61899 -4677.2132 -4983.1812 -0.8537027 5.5729660999999995 -5.1355896
60853 63360.0 -813.48697 -1918.2259 -6528.9091 -0.50036154 7.31587 -2.0844408
60853 63780.0 -929.31522 1248.984 -6674.356400000001 -0.041238041 7.4922563 1.4040603
60853 64200.0 -846.84553 4149.6615 -5391.6131 0.42690474 6.069130100000001 4.593501900000001
60853 64620.0 -583.4915100000001 6163.767 -2954.0521000000003 0.80443171 3.3466062 6.8026316
60853 65040.0 -195.35451999999998 6859.5618 117.00802 1.0101532 -0.093604326 7.5542216
60853 65460.0 234.55192000000002 6088.228400000001 3162.9606000000003 0.9998933200000001 -3.5093029000000002 6.6873265
60853 65880.0 614.4977700000001 4016.6814 5532.621400000001 0.7766418300000001 -6.1694315 4.3937096
60853 66300.0 863.7285300000001 1090.9481 6722.1972000000005 0.38881951 -7.509858100000001 1.1692861
60853 66720.0 929.5132 -2066.6007 6480.1715 -0.081246623 -7.254085 -2.3010314
60853 67140.0 797.80811 -4784.8993 4857.697099999999 -0.5347556499999999 -5.4549514 -5.2859862
60853 67560.0 496.21087 -6484.0188 2198.0875 -0.87551557 -2.4869214000000004 -7.148992000000001
60853 67980.0 88.72895600000001 -6798.7627999999995 -931.6043900000001 -1.0298056 1.0184195 -7.4834391
60853 68400.0 -337.75443 -5659.4258 -3861.6165 -0.96408351 4.3080691 -6.2142532
60853 68820.0 -692.07625 -3310.4231 -5964.161700000001 -0.69253888 6.6736165000000005 -3.6158805000000003
60853 69240.0 -898.7095899999999 -254.77103 -6790.3962 -0.27361115 7.6125846 -0.24734035000000001
60853 69660.0 -913.67105 2855.207 -6164.354 0.20372485 6.9275298 3.1746095000000003
60853 70080.0 -733.57786 5355.5194 -4218.6492 0.63833637 4.7609655 5.9218874999999995
60853 70500.0 -396.62311 6710.2283 -1368.4826 0.93704677 1.5717233000000002 7.4027076
60853 70920.0 25.253713 6628.351000000001 1775.5329 1.0352236000000001 -1.9539302 7.2949148
60853 71340.0 441.91756 5125.4848 4539.3817 0.91216487 -5.0593351 5.6245913000000005
60853 71760.0 764.19815 2530.0503 6331.5857000000005 0.5948546 -7.0742251 2.7561977000000004
60853 72180.0 923.84551 -604.1535 6772.544 0.15167727 -7.580006900000001 -0.69381624
60853 72600.0 887.0477099999999 -3609.8837000000003 5769.6015 -0.32380956 -6.4735459 -3.9958718
60853 73020.0 661.4307600000001 -5847.0743 3535.4120000000003 -0.73122191 -3.9854571 -6.4505137
60853 73440.0 294.75778 -6838.0024 545.25498 -0.98314393 -0.6423743 -7.5278701
60853 73860.0 -134.92241 -6363.7606 -2560.7616000000003 -1.0259807 2.8398976 -6.999617199999999
60853 74280.0 -535.45249 -4527.3516 -5115.1054 -0.84996808 5.722514100000001 -4.9729076999999995
60853 74700.0 -821.7490200000001 -1724.1343000000002 -6575.0132 -0.49167629 7.3798623 -1.876475
60853 75120.0 -932.93865 1447.959 -6629.6445 -0.02759435 7.4517367000000005 1.6257076
60853 75540.0 -844.40158 4310.5746 -5260.8719 0.44160592000000004 5.931382800000001 4.7737608
60853 75960.0 -575.25113 6251.1066 -2763.7507 0.8167365200000001 3.1406173 6.9001533
60853 76380.0 -182.98694 6853.9688 326.47133 1.0171029 -0.32158339999999996 7.5460516
60853 76800.0 248.41808 5991.7631 3346.8024 0.999968 -3.7075252 6.5755887
60853 77220.0 626.98074 3852.208 5652.477900000001 0.770147 -6.2934407000000006 4.2058152
60853 77640.0 872.41278 894.39593 6754.5734 0.37759315 -7.5364351 0.94831373
60853 78060.0 932.89972 -2253.0706 6420.9238 -0.094840809 -7.1808178 -2.508878
60853 78480.0 795.4246700000001 -4922.2365 4721.2955999999995 -0.54822044 -5.2984065000000005 -5.4394565
60853 78900.0 488.5907 -6543.4121 2013.8528000000001 -0.88641503 -2.2780819 -7.2180027
60853 79320.0 77.41764500000001 -6766.0331 -1124.4126 -1.0359629 1.2388213000000001 -7.4533253
60853 79740.0 -350.33518 -5539.701099999999 -4021.1472000000003 -0.9637603400000001 4.4944572 -6.0880724
60853 80160.0 -703.06601 -3126.8026 -6054.384599999999 -0.68528774 6.7854239 -3.4171713
60853 80580.0 -905.48751 -44.752377 -6789.590700000001 -0.26047853 7.621998700000001 -0.015843434
60853 81000.0 -914.2410600000001 3046.0128 -6068.8332 0.21967493999999999 6.8298243 3.3867574
60853 81420.0 -727.53111 5485.7817000000005 -4046.8961000000004 0.65335639 4.5759719 6.0664210999999995
60853 81840.0 -385.09144000000003 6751.3397 -1156.4146 0.94757485 1.3405568 7.4460933
60853 82260.0 39.810641000000004 6571.8514000000005 1982.4591 1.0388199 -2.178649 7.2275083
60853 82680.0 456.23917 4988.7879 4696.977400000001 0.9081903600000001 -5.222874300000001 5.4636072
60853 83100.0 775.5739100000001 2343.077 6408.9635 0.58509606 -7.1465178 2.5423187
60853 83520.0 930.3138299999999 -800.09918 6757.1161 0.13848770999999999 -7.550536500000001 -0.91411441
60853 83940.0 887.69438 -3773.4602000000004 5668.0756 -0.33794456 -6.351882499999999 -4.178998
60853 84360.0 656.36928 -5944.3730000000005 3371.059 -0.74387993 -3.7967326 -6.5617732
60853 84780.0 285.03742 -6846.549 353.31453999999997 -0.99232656 -0.42151141999999997 -7.5473439
60853 85200.0 -147.27192000000002 -6284.2263 -2740.2162000000003 -1.0287346 3.0509203000000005 -6.914185300000001
60853 85620.0 -548.04437 -4376.0937 -5245.3691 -0.84489457 5.8693029 -4.7970078
60853 86040.0 -831.56287 -1531.5883000000001 -6625.2251 -0.48067430000000005 7.4290088 -1.6543147
60854 60.0 -937.3863299999999 1639.8762 -6585.5918 -0.014148884 7.4004018 1.8396050000000002
60854 480.0 -842.97273 4461.2755 -5135.2862000000005 0.45567939 5.7902063 4.9414684
60854 900.0 -568.28993 6328.613200000001 -2583.8179 0.8285582 2.9394529000000005 6.9866807
60854 1320.0 -171.9781 6841.672500000001 522.13864 1.0242029 -0.5403588300000001 7.5330715
60854 1740.0 261.11395000000005 5892.0568 3516.1525 1.0007991 -3.8975452 6.4658714
60854 2160.0 638.6449 3685.8264 5759.0879 0.76448637 -6.4148097 4.0222847999999995
60854 2580.0 880.49736 696.34018 6775.121400000001 0.3664939 -7.5630813 0.72933155
60854 3000.0 935.56457 -2440.9112000000005 6350.0839000000005 -0.10908422000000001 -7.1061939 -2.7171857
60854 3420.0 791.97725 -5059.670099999999 4573.2074 -0.5625311799999999 -5.1371837 -5.5920948
60854 3840.0 479.67294000000004 -6600.6641 1819.46 -0.89757112 -2.0643053 -7.2809456
60854 4260.0 64.94150499999999 -6730.5782 -1323.4815 -1.0414082 1.4581065000000002 -7.4120751
60854 4680.0 -363.67361 -5419.567400000001 -4182.2501 -0.9623746 4.6709343 -5.9520321
60854 5100.0 -714.44892 -2948.4359 -6143.4848 -0.6775824500000001 6.8813479 -3.2169261000000002
60854 5520.0 -912.5509000000001 152.92156 -6788.3279 -0.24836238 7.6182831 0.20398747
60854 5940.0 -915.67668 3221.3854 -5978.9557 0.23382972000000002 6.7282458 3.5806654
60854 6360.0 -723.1210100000001 5601.4555 -3888.3906 0.66652388 4.3985139 6.1934312
60854 6780.0 -375.86068 6783.0243 -963.61747 0.95696959 1.1253387000000001 7.4795107
60854 7200.0 51.853428 6513.231400000001 2168.1277999999998 1.0425729 -2.3857449 7.1607104
60854 7620.0 468.53782 4852.4583 4835.8522 0.90556493 -5.3784264 5.3113397
60854 8040.0 785.48841 2158.2214 6471.3049 0.5765541399999999 -7.2180304 2.3366041
60854 8460.0 935.67862 -994.36836 6729.2131 0.12573905999999999 -7.5229362 -1.1305474
60854 8880.0 887.27045 -3935.7875 5555.0014 -0.35226939 -6.2298656 -4.3607909000000005
60854 9300.0 650.13779 -6039.6184 3196.04 -0.7566832900000001 -3.6049973 -6.669350400000001
60854 9720.0 274.33488 -6854.0082999999995 153.70074 -1.0006161 -0.20135915000000001 -7.5557226
60854 10140.0 -160.18551000000002 -6201.7453 -2921.7994 -1.0308004000000002 3.2510976 -6.8215567
60854 10560.0 -560.4329200000001 -4221.5926 -5370.102400000001 -0.84038674 6.005766700000001 -4.6240531
60854 10980.0 -840.84984 -1338.7175 -6667.0387 -0.47063768 7.4727043 -1.4391300000000002
60854 11400.0 -941.66297 1830.1066 -6536.1453 -0.0007112171 7.343150700000001 2.0511046
60854 11820.0 -841.3850500000001 4608.1407 -5005.7696 0.46965157 5.6446816 5.1043194000000005
60854 12240.0 -561.2500500000001 6400.9971 -2402.404 0.8400874700000001 2.7367081 7.0666109
60854 12660.0 -161.04673000000003 6824.2991 716.44544 1.0308779 -0.75735564 7.513450300000001
60854 13080.0 273.54579 5788.8008 3681.6206 1.001196 -4.082789200000001 6.3509712
60854 13500.0 649.87737 3518.4415 5860.2335 0.7584983200000001 -6.529486299999999 3.8365442
60854 13920.0 888.07544 500.15978 6790.0063 0.35538402 -7.583010100000001 0.51156176
60854 14340.0 937.78814 -2624.3165 6274.7169 -0.12300805 -7.026309599999999 -2.9214313
60854 14760.0 788.28539 -5190.9628 4422.7285 -0.57625657 -4.9732513 -5.738833
60854 15180.0 470.73006 -6651.112 1625.0810000000001 -0.9081890600000001 -1.8506549 -7.3377827
60854 15600.0 52.627522 -6688.9131 -1520.0903 -1.046507 1.6747386 -7.3654623
60854 16020.0 -376.73863 -5294.7695 -4338.9383 -0.96079453 4.8428094 -5.812126
60854 16440.0 -725.49848 -2767.6934 -6226.970700000001 -0.6697943900000001 6.971305999999999 -3.0150076
60854 16860.0 -919.26526 350.65531 -6781.197 -0.23615603999999998 7.6084268 0.42383665000000004
60854 17280.0 -916.7623000000001 3394.1789 -5883.8112 0.24793017 6.6211139 3.7721086
60854 17700.0 -718.39988 5712.5365 -3726.116 0.67957448 4.217150800000001 6.3158336
60854 18120.0 -366.38213 6808.979200000001 -769.30013 0.9661469300000001 0.9087263900000001 7.5070078
60854 18540.0 64.003049 6448.8796 2352.7684 1.0458857000000001 -2.5913567 7.0879644
60854 18960.0 480.75363 4711.1494 4971.3565 0.9025445099999999 -5.5297362 5.154958400000001
60854 19380.0 795.1820799999999 1970.5996000000002 6528.9666 0.5677803 -7.2833439 2.1289733
60854 19800.0 940.77909 -1188.5632 6696.486 0.11303207000000001 -7.4882797000000005 -1.3455631000000001
60854 20220.0 886.67161 -4095.2608999999998 5438.5336 -0.36621379000000004 -6.1021239 -4.5372069
60854 20640.0 643.9315600000001 -6130.2863 3020.4951 -0.76894376 -3.4112725 -6.7690025
60854 21060.0 263.83828000000005 -6856.7012 -43.260526 -1.0084685 0.016445422 -7.5566169
60854 21480.0 -172.72795000000002 -6116.2423 -3098.0224 -1.0325208000000001 3.445526 -6.7238533
60854 21900.0 -572.33666 -4066.8517 -5488.0783 -0.8357239200000001 6.135127300000001 -4.4497287
60854 22320.0 -849.62119 -1148.2306 -6702.0542000000005 -0.46071521000000004 7.5103579 -1.2260868
60854 22740.0 -945.5090799999999 2015.5981000000002 -6481.3604000000005 0.012431601 7.281768100000001 2.2580712
60854 23160.0 -839.4940300000001 4748.987099999999 -4873.076599999999 0.4833594 5.4971839000000005 5.261660200000001
60854 23580.0 -553.98288 6466.9813 -2220.2084 0.85152395 2.5341217 7.140684500000001
60854 24000.0 -149.90643 6801.1096 909.07686 1.037535 -0.9716185500000001 7.4881603
60854 24420.0 286.20257000000004 5681.3638 3843.3687999999997 1.0016534000000001 -4.2629228 6.2318584
60854 24840.0 661.3910400000001 3349.492 5956.4248 0.7527046900000001 -6.6371916 3.6492031000000003
60854 25260.0 896.0232 305.48971 6799.983 0.34448340000000005 -7.5955548 0.2957417
60854 25680.0 940.45561 -2803.3767000000003 6196.0672 -0.13682077 -6.9407072 -3.119969
60854 26100.0 785.02872 -5316.2343 4271.9221 -0.59013274 -4.8072693 -5.8775835
60854 26520.0 462.14013 -6695.4490000000005 1433.8931000000002 -0.9190489000000001 -1.6393205000000002 -7.3867606
60854 26940.0 40.565995 -6642.892900000001 -1710.6111 -1.0518723 1.8856293000000002 -7.3133055
60854 27360.0 -389.68637 -5168.4259 -4487.9580000000005 -0.9595858500000001 5.0073826 -5.670367000000001
60854 27780.0 -736.5941600000001 -2588.4197999999997 -6302.8038 -0.6623640799999999 7.054457 -2.8147093
60854 28200.0 -926.18935 544.47829 -6767.954900000001 -0.22411271 7.5931958 0.6397390900000001
60854 28620.0 -918.0852900000001 3561.2018 -5784.6368 0.26208864 6.510869899999999 3.9579853
60854 29040.0 -713.84847 5817.0657 -3562.3050000000003 0.69289208 4.035142400000001 6.4321492
60854 29460.0 -356.91082 6828.5886 -575.96944 0.9758476 0.6937451600000001 7.528658
60854 29880.0 76.42779900000001 6379.3475 2534.1534 1.0499791 -2.793206 7.010400300000001
60854 30300.0 493.55165999999997 4566.5196 5101.8592 0.90015375 -5.675923300000001 4.9954032
60854 30720.0 805.64136 1782.0264 6580.7526 0.5592271200000001 -7.3425873 1.9204866999999999
60854 31140.0 946.63849 -1381.1328999999998 6658.112 0.10005941 -7.4476514 -1.5585924
60854 31560.0 886.60734 -4250.870400000001 5317.7969 -0.38092843 -5.969860300000001 -4.7091898
60854 31980.0 637.89722 -6215.6608 2842.9283 -0.78210672 -3.215322 -6.8625282
60854 32400.0 253.12016 -6853.6832 -239.61427 -1.0172298 0.23348181 -7.5511112
60854 32820.0 -185.85166 -6025.9352 -3271.1252000000004 -1.0350157 3.6364945 -6.6208064
60854 33240.0 -585.08851 -3909.1881000000003 -5601.1086 -0.83152474 6.2591731 -4.272186
60854 33660.0 -859.34763 -957.26004 -6731.3631 -0.45079574000000006 7.541939 -1.0124219
60854 34080.0 -950.2118399999999 2199.0334 -6421.1658 0.026021201 7.214741200000001 2.4629658
60854 34500.0 -838.1981800000001 4885.7053 -4736.3109 0.49782113 5.3455281999999995 5.4146874
60854 34920.0 -546.96276 6527.5477 -2036.0766 0.86384465 2.3296214 7.2091152
60854 35340.0 -138.63171 6772.1782 1101.1893 1.0451014 -1.1855179 7.4570142
60854 35760.0 299.3272 5568.6915 4002.1482 1.0027861 -4.4403907 6.1076218
60854 36180.0 673.5565300000001 3176.7382000000002 6047.733200000001 0.74709594 -6.7404516999999995 3.4581537
60854 36600.0 904.59514 109.1868 6803.947400000001 0.33327401 -7.602330200000001 0.078385809
60854 37020.0 943.5281600000001 -2981.5562000000004 6111.314 -0.15132146000000002 -6.8490917 -3.3173888000000002
60854 37440.0 781.86707 -5438.2249 4116.0576 -0.60476416 -4.6361051 -6.0124566
60854 37860.0 453.33015000000006 -6734.8933 1239.7806 -0.93065575 -1.4250094999999998 -7.4295483
60854 38280.0 27.995772000000002 -6591.401 -1901.2268000000001 -1.0578421 2.0962541999999997 -7.254182200000001
60854 38700.0 -403.34446 -5037.3992 -4634.2839 -0.95872148 5.1685505 -5.522626900000001
60854 39120.0 -748.47293 -2406.3639 -6373.8951 -0.65493544 7.1320143 -2.6108604
60854 39540.0 -933.8352199999999 738.51445 -6749.1395999999995 -0.21174742000000002 7.5715232 0.85622416
60854 39960.0 -919.93758 3725.8179 -5680.2778 0.27682759 6.394760100000001 4.1414732999999995
60854 40380.0 -709.54439 5917.0738 -3394.8359 0.7069543 3.8490785 6.5437617
60854 40800.0 -347.37069 6842.477 -381.24078000000003 0.9862661100000001 0.47714157 7.544469100000001
60854 41220.0 89.168154 6304.0104 2714.4655000000002 1.0544675 -2.9941899 6.9266762
60854 41640.0 506.77047999999996 4415.9106 5228.5662 0.8979147500000001 -5.819687 4.8310354
60854 42060.0 816.48907 1588.9184 6626.8951 0.55037014 -7.397346400000001 1.7082169
60854 42480.0 952.67714 -1575.9586000000002 6612.9373 0.08645394 -7.4007864 -1.7731374000000002
60854 42900.0 886.46107 -4405.924 5190.2865 -0.39620676 -5.8307532 -4.8793481000000005
60854 43320.0 631.58284 -6297.9128 2660.1223999999997 -0.79564609 -3.0139688000000002 -6.950699
60854 43740.0 241.83823 -6843.095200000001 -438.94618 -1.0264375000000001 0.45217426 -7.5411735
60854 44160.0 -199.65737 -5927.7772 -3445.0235000000002 -1.0375945999999998 3.8270922 -6.5118071
60854 44580.0 -598.46047 -3744.6224 -5712.335599999999 -0.82700927 6.3793023 -4.0887673
60854 45000.0 -869.5200100000001 -761.78098 -6756.8445 -0.44042309 7.5663767 -0.7954407200000001
60854 45420.0 -955.1881 2383.5787 -6356.644200000001 0.039911537000000004 7.1394476000000004 2.6665742
60854 45840.0 -837.09806 5020.3818 -4596.7367 0.5123375200000001 5.1876349 5.5618992
60854 46260.0 -540.1635 6584.3180999999995 -1852.1373999999998 0.8759836900000001 2.1232598 7.269426999999999
60854 46680.0 -127.68031 6739.6837000000005 1289.7592 1.0524018000000002 -1.3966254 7.4185049
60854 47100.0 312.11713000000003 5448.307400000001 4153.4315 1.0045666 -4.6172451 5.9831079
60854 47520.0 685.1366800000001 2989.0989 6125.4489 0.7416516000000001 -6.8558403 3.2611549
60854 47940.0 911.7216500000001 -108.74279 6784.972400000001 0.3191345 -7.6213968 -0.16511569
60854 48360.0 944.21574 -3186.3981000000003 5995.2492 -0.17243136 -6.7405026 -3.5568751
60854 48780.0 773.71749 -5575.9265000000005 3914.2269 -0.62608736 -4.4242562 -6.1800147
60854 49200.0 437.41667 -6770.420099999999 992.30648 -0.94647759 -1.1577239 -7.4812017
60854 49620.0 7.3024518 -6513.1613 -2143.034 -1.0642715 2.360224 -7.1756169000000005
60854 50040.0 -424.38531 -4859.8876 -4817.889 -0.9540270500000001 5.3672488000000005 -5.3304228
60854 50460.0 -765.2901400000001 -2161.1436000000003 -6457.3823 -0.6401296599999999 7.2270436 -2.3444621000000003
60854 50880.0 -942.8488100000001 996.225 -6715.6025 -0.19010517999999998 7.5342235 1.1364176
60854 51300.0 -919.28177 3941.0562999999997 -5537.2588 0.30029703 6.2339775 4.3725190000000005
60854 51720.0 -699.57817 6044.924599999999 -3174.2712 0.72694581 3.6020265 6.6749871999999995
60854 52140.0 -330.50567 6858.0908 -131.66435 0.9985524 0.19970663 7.5491936
60854 52560.0 109.09112 6207.4030999999995 2939.0655 1.0568226 -3.241614 6.807769500000001
60854 52980.0 525.47595 4233.532 5382.1676 0.8900497800000001 -5.985329200000001 4.6155494
60854 53400.0 830.13248 1359.6483 6678.1812 0.53452649 -7.4519048 1.4446435
60854 53820.0 958.4916999999999 -1802.9329 6552.3415 0.065566159 -7.3355153 -2.0337460000000003
60854 54240.0 883.07309 -4581.9101 5029.7786 -0.41847082999999996 -5.656888 -5.086534800000001
60854 54660.0 619.03958 -6382.4153 2429.8763 -0.8151645700000001 -2.7624545 -7.0627012
60854 55080.0 222.64547000000002 -6816.6634 -690.53422 -1.038029 0.73348993 -7.5244607
60854 55500.0 -221.49678 -5788.3953 -3662.3674 -1.0382793 4.0731355 -6.3679003000000005
60854 55920.0 -618.18247 -3519.2468 -5847.235900000001 -0.8163345000000001 6.534031 -3.8469289
60854 56340.0 -882.775 -496.80231000000003 -6778.6925 -0.42062626999999997 7.5933582 -0.5081926
60854 56760.0 -959.01033 2631.2608999999998 -6259.802 0.064132065 7.031673700000001 2.9335781
60854 57180.0 -830.80402 5198.3460000000005 -4402.7795 0.53533274 4.9704063 5.7485908
60854 57600.0 -525.37468 6656.541 -1604.0964 0.89269474 1.8468693 7.3357306
60854 58020.0 -107.79998 6694.148 1537.8916000000002 1.0595691 -1.6701621 7.3533796
60854 58440.0 332.83004999999997 5304.1625 4351.385200000001 1.0004811 -4.8259125 5.8006408
60854 58860.0 702.64967 2785.7041 6236.634900000001 0.72876034 -6.9488692 3.0146686000000003
60854 59280.0 923.21358 -324.55328000000003 6793.6416 0.30253583 -7.5939716 -0.41048161
60854 59700.0 947.62775 -3365.6822 5903.4461 -0.18859324000000002 -6.6248592 -3.7530689
60854 60120.0 770.25117 -5689.726900000001 3752.7207000000003 -0.64108592 -4.2385525 -6.3038869
60854 60540.0 428.44677 -6797.7881 798.94293 -0.95770691 -0.93721423 -7.5092232
60854 60960.0 -5.2161580999999995 -6448.501200000001 -2326.947 -1.0696667 2.570513 -7.1033189000000005
60854 61380.0 -437.76936 -4716.7992 -4952.822700000001 -0.95249376 5.524538400000001 -5.1719589
60854 61800.0 -776.30083 -1972.5531 -6512.1257000000005 -0.63230562 7.2962286999999995 -2.1366415
60854 62220.0 -949.38328 1191.9443999999999 -6679.6129 -0.17637521 7.501241 1.3584726
60854 62640.0 -919.4083800000001 4102.125 -5414.198 0.31659556 6.1045659 4.5579177
60854 63060.0 -692.91992 6135.420099999999 -2988.3616 0.74233606 3.4010907 6.7830431
60854 63480.0 -318.22452000000004 6856.3348 78.46250500000001 1.0093839 -0.030389407 7.5539163
60854 63900.0 124.49117 6111.5864 3128.5173 1.0605139 -3.4494348 6.7065055000000005
60854 64320.0 540.75436 4063.2760000000003 5510.2253 0.8857810100000001 -6.1241488 4.4301862000000005
60854 64740.0 842.11967 1151.3786 6717.8252 0.52346342 -7.4907961 1.2171610000000002
60854 65160.0 964.84339 -2004.845 6496.4867 0.050326075000000005 -7.2672447 -2.2524341
60854 65580.0 882.7476899999999 -4735.2508 4892.4253 -0.43443858999999996 -5.4983952 -5.2489002000000005
60854 66000.0 612.71384 -6457.4988 2243.9447 -0.82827689 -2.5498653 -7.1332625
60854 66420.0 211.84313 -6799.603099999999 -884.5937 -1.0460148999999999 0.9521384 -7.492965900000001
60854 66840.0 -234.37657000000002 -5686.036099999999 -3823.2265 -1.0400784 4.2539695 -6.2444513
60854 67260.0 -630.45216 -3355.1305 -5941.2783 -0.81163262 6.6426753 -3.6574894000000002
60854 67680.0 -891.79524 -306.99401 -6786.0123 -0.41005814 7.6083843 -0.29039319
60854 68100.0 -962.63613 2806.5844 -6177.1144 0.07890177799999999 6.9491626 3.1376053
60854 68520.0 -827.8244599999999 5320.5353 -4244.8684 0.5515151100000001 4.8036493 5.8964706
60854 68940.0 -515.93699 6696.307900000001 -1402.1501 0.90662402 1.6280135 7.3929947
60854 69360.0 -93.63033100000001 6639.24 1741.5745 1.06763 -1.8940771 7.3032409
60854 69780.0 348.67919 5164.2035000000005 4512.4293 1.0003886 -5.003245700000001 5.650942
60854 70200.0 716.7682 2588.5727 6319.6763 0.72081764 -7.0383554 2.8001817
60854 70620.0 932.67281 -536.9275500000001 6781.3413 0.28874828 -7.5758567 -0.64125346
60854 71040.0 950.6149399999999 -3548.3727000000003 5799.8726 -0.20502959 -6.504579 -3.9487805
60854 71460.0 766.3809200000001 -5804.8645 3581.8095000000003 -0.65662294 -4.044416 -6.4228000000000005
60854 71880.0 418.541 -6821.4946 597.446 -0.96954417 -0.71168846 -7.5297231
60854 72300.0 -18.856248 -6379.063099999999 -2515.1426 -1.0752985000000002 2.7805521 -7.0208643
60854 72720.0 -452.2357 -4570.1447 -5087.6175 -0.95074665 5.6757053 -5.0049806
60854 73140.0 -788.8995600000001 -1783.7806 -6569.0767000000005 -0.6231568700000001 7.352170500000001 -1.9198772
60854 73560.0 -957.04165 1383.7606 -6643.3842 -0.16306692 7.4576637 1.571973
60854 73980.0 -920.92835 4255.990400000001 -5295.8427 0.3320015 5.9707505 4.7284558
60854 74400.0 -688.07421 6218.8713 -2813.867 0.75672896 3.2056144 6.8751779
60854 74820.0 -308.06884 6851.8166 271.51033 1.0198378000000001 -0.24633597000000002 7.5485777
60854 75240.0 137.79847 6020.064 3298.6248 1.0648534 -3.6402997999999998 6.6051038
60854 75660.0 554.3940600000001 3903.8379 5620.8773 0.88297818 -6.250368900000001 4.2537780000000005
60854 76080.0 853.12733 957.54386 6744.8172 0.51393174 -7.525305 1.0022326000000001
60854 76500.0 970.7380400000001 -2192.0941000000003 6432.9539 0.03592417 -7.2016976999999995 -2.4607872000000004
60854 76920.0 882.07997 -4875.7824 4750.7188 -0.45070619 -5.345285 -5.4058358
60854 77340.0 605.4450899999999 -6520.8701 2053.3456 -0.84276988 -2.3408831 -7.2035805
60854 77760.0 199.45049 -6771.429700000001 -1083.3222 -1.0554045 1.1706843 -7.4602688
60854 78180.0 -249.24399 -5572.6202 -3987.4547000000002 -1.0422607000000002 4.4337949 -6.1160303
60854 78600.0 -644.62501 -3181.4322 -6036.2031 -0.80627476 6.7449422000000006 -3.4623914
60854 79020.0 -902.29822 -110.54768 -6791.9846 -0.39850075 7.6127049 -0.071318122

