
Orbital parameters post-maneuver :
687.000000
1453.679852
7046.320148
2025-08-02T20:10:31.00028800964356Z
2621.863200
7850.000023119143
0.1464968
45.0000
0.0000
77.19051461
180.00007029
12.48240515804563
6921.742958

Orbital parameters post-maneuver :
687.000000
2576.821575
5923.178425
2025-08-02T21:08:11.87275165635336Z
321.862847
6849.999998705452
0.0218978
45.0000
0.0000
77.18986598
0.00077856
15.31323350234522
5642.178707

Orbital parameters post-maneuver :
687.000000
2760.874006
5739.125994
2025-08-02T21:55:12.96310588256488Z
621.863151
6999.999995277642
0.0000003
45.0000
0.0000
351.37997767
265.81072956
14.82366877513673
5828.516632
