
Orbital parameters post-maneuver :
687.000000
3424.993147
6075.006853
2025-06-18T20:51:51.00038409233093Z
62622.129122
39392.632001632110
0.7516033
45.0000
150.0000
42.47882366
180.00000715
1.11040207204902
77809.653075

Orbital parameters post-maneuver :
687.000000
5831.397779
3668.602221
2025-06-19T07:40:15.82495637107402Z
3406.860882
13152.499016322836
0.2560351
45.0000
150.0000
42.47887165
359.99996064
5.75559656864584
15011.476042

Orbital parameters post-maneuver :
687.000000
6724.659693
2775.340307
2025-06-19T09:45:21.56481960844626Z
10141.863151
16519.998152680850
0.0000001
45.0000
150.0000
56.25460612
166.22426508
4.08872376341142
21131.288147
