
Orbital parameters post-maneuver :
2478.000000
120.639062
1661.700458
2025-06-23T00:32:34.00036789512635Z
18621.846719
47000.004397312910
0.4680855
45.0000
150.0000
81.41529332
0.00003295
0.85203201597321
101404.640178

Orbital parameters post-maneuver :
2478.000000
196.499186
1585.840334
2025-06-23T14:37:36.30625060832698Z
62621.888076
63500.009293595660
0.0866144
45.0000
150.0000
81.41535950
179.99991307
0.54255288692360
159247.148218

Orbital parameters post-maneuver :
2478.000000
211.826844
1570.512676
2025-06-24T12:44:39.86387952520523Z
51621.856511
58000.006910017335
0.0000003
45.0000
150.0000
123.43473979
317.98049527
0.62152799360184
139012.242231
