CIC_OEM_VERS = 2.0
CREATION_DATE = 2025-06-27T10:30:50.459533
ORIGINATOR = ISAE-SUPAERO


META_START
OBJECT_NAME = PLEIADES1A
OBJECT_ID = PLEIADES1A
CENTER_NAME = Earth
REF_FRAME = EME2000
TIME_SYSTEM = UTC
START_TIME = 2025-06-26T22:00:00.000
USEABLE_START_TIME = 2025-06-26T22:00:00.000
USEABLE_STOP_TIME = 2025-06-28T21:57:00.000
STOP_TIME = 2025-06-28T21:57:00.000
INTERPOLATION = lagrange
INTERPOLATION_DEGREE = 5
META_STOP



60852 79200.0 1041.185 5576.1939 4220.1440999999995 2.1224048 4.0977209000000006 -5.9246567
60852 79620.0 1801.5474 6695.5791 1399.9746 1.4381144 1.1437709999999999 -7.2810643
60852 80040.0 2209.6149 6505.5773 -1694.7755 0.47292602 -2.0329152 -7.2100954
60852 80460.0 2186.3293 5045.5966 -4457.6889 -0.58235591 -4.8058535000000004 -5.7288694
60852 80880.0 1737.0245 2602.092 -6350.3589 -1.5211837000000001 -6.6361712 -3.1359827
60852 81300.0 950.38526 -346.8779 -7006.723400000001 -2.1627902 -7.174771300000001 0.06148868800000001
60852 81720.0 -20.595205000000004 -3228.571 -6300.3755 -2.3846950000000002 -6.3210500000000005 3.2470320999999998
60852 82140.0 -987.48985 -5483.0956 -4367.4235 -2.1433488 -4.236333 5.8061811
60852 82560.0 -1762.1101 -6669.765200000001 -1581.335 -1.4831441 -1.3185874 7.2379676
60852 82980.0 -2192.4709 -6553.8588 1513.5767 -0.53197376 1.861922 7.2541951000000005
60852 83400.0 -2194.2823 -5156.9262 4311.848599999999 0.52345102 4.6794765 5.848913400000001
60852 83820.0 -1767.3775 -2752.3842999999997 6265.5876 1.4754981 6.580295100000001 3.3002918
60852 84240.0 -995.60023 189.28478 6993.6371 2.1386909000000003 7.1954955 0.10922958
60852 84660.0 -29.676387 3094.0597000000002 6354.4047 2.3847255 6.407334700000001 -3.103088
60852 85080.0 941.97802 5395.0028 4472.202700000001 2.1654202000000002 4.367248 -5.7115639
60852 85500.0 1729.5707 6641.8593 1714.0523 1.522629 1.4711228 -7.2039292
60852 85920.0 2179.0562999999997 6590.2570000000005 -1380.1301 0.58232363 -1.7123064 -7.2846212999999995
60852 86340.0 2203.1481000000003 5252.1713 -4204.0178 -0.46970921 -4.555231 -5.9402608
60853 360.0 1797.9153999999999 2890.2721 -6207.203 -1.4273674 -6.5043845000000005 -3.4420681
60853 780.0 1043.459 -33.150104 -7001.7258 -2.105849 -7.1868245 -0.27947171
60853 1200.0 86.585148 -2950.1651 -6434.3493 -2.3755722 -6.4744487 2.9371011
60853 1620.0 -887.01911 -5294.0833 -4614.2811 -2.183919 -4.501656 5.5875089
60853 2040.0 -1687.9826 -6607.321 -1893.1308999999999 -1.5655972999999999 -1.6444585999999999 7.1532862999999995
60853 2460.0 -2159.0964 -6629.9856 1197.8854 -0.6403084 1.5391183000000002 7.3207716000000005
60853 2880.0 -2208.1552 -5356.7076 4054.1189 0.41055755 4.4232776000000005 6.0537155
60853 3300.0 -1825.7239 -3036.6963 6116.2335 1.3801176000000002 6.4406033 3.6029739
60853 3720.0 -1086.9972 -124.05781 6981.8438 2.0792702 7.1992614999999995 0.45086344000000006
60853 4140.0 -136.31688 2812.8075 6482.6575 2.3727788999999997 6.5539998 -2.7887551
60853 4560.0 840.90448 5200.9055 4715.7433 2.2034486 4.6287831 -5.4859786999999995
60853 4980.0 1653.8503 6573.1218 2025.4706 1.6033228 1.7965575 -7.1118161
60853 5400.0 2143.5152000000003 6660.4668 -1061.7944 0.68975245 -1.3871841 -7.3443845
60853 5820.0 2214.5513 5447.139400000001 -3940.986 -0.35670026000000005 -4.2944442 -6.1401093
60853 6240.0 1853.9714 3171.8403 -6050.7735999999995 -1.3309996000000002 -6.3587936 -3.7415335
60853 6660.0 1133.1770000000001 280.16902000000005 -6981.9675 -2.0445067 -7.1835713 -0.62016892
60853 7080.0 192.52353 -2665.9181000000003 -6554.915599999999 -2.3609411000000002 -6.613915 2.6204631
60853 7500.0 -785.43484 -5094.2173 -4851.898 -2.2189958 -4.7575425 5.3559673000000005
60853 7920.0 -1610.5551 -6531.2373 -2202.2867 -1.6440434000000002 -1.9684247000000001 7.052037
60853 8340.0 -2121.2587000000003 -6693.5486 877.63969 -0.74706426 1.2101579 7.3708132
60853 8760.0 -2217.4996 -5548.0023 3785.6587000000004 0.29637715 4.1541749 6.246313000000001
60853 9180.0 -1880.6308000000001 -3318.8217000000004 5952.4754 1.2809485 6.2844154 3.9006936000000003
60853 9600.0 -1176.8828 -442.15458 6955.2451 2.0145885 7.186878 0.79552474
60853 10020.0 -243.73739 2520.7304 6598.880700000001 2.3553298 6.6882054 -2.4645716
60853 10440.0 736.89324 4991.9872000000005 4952.392400000001 2.2367628 4.8837633 -5.2461325
60853 10860.0 1573.5197 6488.2425 2336.427 1.680881 2.1222244999999997 -7.003967800000001
60853 11280.0 2102.4732000000004 6715.986900000001 -737.52073 0.79614045 -1.0555265 -7.3898808
60853 11700.0 2220.372 5630.8206 -3666.815 -0.24255999 -4.0225818 -6.3296818
60853 12120.0 1904.983 3446.3719 -5879.6278 -1.2318321 -6.2002547 -4.0358406
60853 12540.0 1219.347 592.1874200000001 -6946.3693 -1.9788806 -7.1661849 -0.96086479
60853 12960.0 296.95767 -2377.094 -6660.8972 -2.3409617 -6.7399186 2.2977041
60853 13380.0 -683.03084 -4884.7394 -5078.8382 -2.248549 -5.0034834 5.1120228
60853 13800.0 -1530.0681000000002 -6442.0395 -2506.4609 -1.7180082 -2.2885165 6.9347650000000005
60853 14220.0 -2078.2943 -6741.937900000001 555.42015 -0.8513952 0.8784456900000001 7.405943000000001
60853 14640.0 -2221.1412 -5726.4965 3509.2792999999997 0.18245497 3.8766758 6.4258723
60853 15060.0 -1930.229 -3592.6705 5776.1162 1.1796488 6.1153633 4.1895251
60853 15480.0 -1262.8359 -758.01309 6913.5483 1.9456243 7.1591631 1.1373737000000002
60853 15900.0 -349.35714 2224.4012000000002 6700.3083 2.3322131 6.8074679 -2.136098
60853 16320.0 632.20145 4773.1718 5177.553900000001 2.264178 5.127294200000001 -4.9952391
60853 16740.0 1490.2252 6389.8908 2641.6065 1.7536782000000002 2.4427152000000003 -6.8804162
60853 17160.0 2056.9044 6757.478400000001 -412.04253000000006 0.89996817 -0.72129894 -7.4184469
60853 17580.0 2221.5651000000003 5804.262 -3385.2077000000004 -0.12854559000000002 -3.741185 -6.5034573
60853 18000.0 1951.844 3715.6501000000003 -5695.6395999999995 -1.1301066000000002 -6.0273840000000005 -4.3210717
60853 18420.0 1302.8316000000002 905.2963100000001 -6895.657 -1.9090161 -7.133524400000001 -1.2997458
60853 18840.0 400.66015000000004 -2081.097 -6752.3511 -2.316065 -6.852578800000001 1.9706234
60853 19260.0 -579.28412 -4663.169 -5294.058400000001 -2.2732377 -5.239479 4.8593039
60853 19680.0 -1446.4604 -6337.963400000001 -2803.3566 -1.7876078 -2.6026306 6.805034
60853 20100.0 -2031.9402 -6778.3864 234.87724 -0.95322817 0.5432177100000001 7.422011
60853 20520.0 -2220.0489 -5893.1742 3227.1682 0.06733489799999999 3.5863317 6.5922401
60853 20940.0 -1974.7711000000002 -3857.4500000000003 5588.0088 1.0735161 5.9278179 4.4773276
60853 21360.0 -1346.1931000000002 -1073.1808 6860.9576 1.8695092 7.1100557 1.4859921999999999
60853 21780.0 -455.78071000000006 1919.9984 6796.26 2.3004016000000003 6.9077367999999995 -1.7882133
60853 22200.0 523.16533 4540.2302 5408.0097000000005 2.2842732000000003 5.3634028 -4.7132976
60853 22620.0 1400.3963 6277.950400000001 2966.0479 1.8238238 2.7739412000000003 -6.7228427
60853 23040.0 2005.0607 6793.7627999999995 -54.620041 1.0076271 -0.35907135 -7.422342800000001
60853 23460.0 2219.1229 5986.0466 -3064.6026 -0.0050640761 -3.4230137 -6.6726703
60853 23880.0 2001.0419 4012.5956 -5476.2663 -1.0160539 -5.8184274 -4.6212293
60853 24300.0 1393.6172 1258.346 -6819.718400000001 -1.8285663 -7.080072 -1.6702107000000002
60853 24720.0 515.1410999999999 -1740.6213 -6833.173900000001 -2.2855323 -6.9644035 1.6079387
60853 25140.0 -463.52522999999997 -4400.091 -5512.126200000001 -2.2978618 -5.4906327 4.5787573
60853 25560.0 -1352.3454 -6206.744 -3119.8804 -1.8587243000000002 -2.9363598000000004 6.6508511
60853 25980.0 -1976.6108000000002 -6799.1152 -115.53143 -1.0591433 0.18436273 7.4238930000000005
60853 26400.0 -2214.1187999999997 -6060.9717 2911.7227000000003 -0.053448175 3.2707995999999997 6.7513079
60853 26820.0 -2020.0803 -4141.5176 5369.8585 0.96194197 5.717585000000001 4.7600826
60853 27240.0 -1432.6453999999999 -1415.4336 6779.6375 1.788972 7.0487573 1.8420889
60853 27660.0 -566.40833 1586.1238 6866.6049 2.2677574 7.0077734000000005 -1.4352566
60853 28080.0 410.09512 4278.549400000001 5612.701900000001 2.3052318 5.6005515 -4.4372462
60853 28500.0 1306.8469 6137.8637 3262.4919 1.8908262 3.09074 -6.5764011
60853 28920.0 1947.1731000000002 6793.3745 271.657 1.1073153 -0.022771462 -7.4291807
60853 29340.0 2206.3907999999997 6119.1991 -2772.5047999999997 0.10653139 -3.1341224000000003 -6.8250105
60853 29760.0 2034.0892 4247.9733 -5273.4898 -0.91318963 -5.6272306 -4.8850267999999994
60853 30180.0 1464.3503 1546.3491999999999 -6742.1673 -1.7531697 -7.018875200000001 -1.993069
60853 30600.0 609.5408100000001 -1455.8478 -6893.9473 -2.2498711 -7.040657 1.2816729
60853 31020.0 -363.84742 -4174.7536 -5700.8146 -2.3086436 -5.6922421000000005 4.3058907
60853 31440.0 -1266.3441 -6080.7694 -3394.9707000000003 -1.9177285 -3.2332264 6.4925058
60853 31860.0 -1921.963 -6801.369900000001 -425.66021 -1.1523728000000002 -0.14085676 7.4120252
60853 32280.0 -2201.5657 -6191.097 2627.5692999999997 -0.16246345 2.9802847000000003 6.8860011000000005
60853 32700.0 -2049.8717 -4369.3892000000005 5161.8598 0.8608071300000001 5.5264262 5.0144445
60853 33120.0 -1499.0168999999999 -1695.0412 6691.85 1.7150653 6.9875362 2.1558999
60853 33540.0 -655.96946 1309.1024 6912.826 2.232687 7.0803966 -1.1203824
60853 33960.0 315.05346000000003 4057.9258 5781.8517 2.3145527 5.7922408 -4.175536
60853 34380.0 1224.6236999999999 6015.2603 3520.2887 1.9448995 3.3737545 -6.414860200000001
60853 34800.0 1895.2916000000002 6799.0815999999995 570.15859 1.195829 0.29701073000000006 -7.399655
60853 35220.0 2196.4069 6257.1231 -2491.4951 0.21469933000000002 -2.8338766 -6.9379808999999995
60853 35640.0 2070.0198 4497.1006 -5067.3166 -0.80595267 -5.4068113 -5.1252623999999996
60853 36060.0 1541.7427 1863.8971000000001 -6656.915 -1.667902 -6.9250077 -2.3199574
60853 36480.0 714.6240200000001 -1130.6443000000002 -6952.8818 -2.2058973 -7.0997644 0.93412306
60853 36900.0 -251.00093 -3905.7425000000003 -5897.0704000000005 -2.3164974000000003 -5.8963601 4.0118517
60853 37320.0 -1167.7371 -5921.2257 -3691.7819 -1.9761406 -3.5397568 6.316717
60853 37740.0 -1856.377 -6780.6885 -764.67232 -1.2483139 -0.4829584 7.3915062
60853 38160.0 -2181.6207000000004 -6312.7423 2312.5292000000004 -0.27450057 2.6747029 7.017066
60853 38580.0 -2079.4409 -4607.9505 4935.5104 0.75281465 5.3077290999999995 5.2649438
60853 39000.0 -1570.1984 -2001.0026 6589.9823 1.6312697 6.898775 2.4837262
60853 39420.0 -752.71825 999.48283 6948.8297 2.1924037 7.1434616 -0.79021536
60853 39840.0 210.85853 3803.8714 5951.3871 2.321159 5.9805377 -3.9054567000000002
60853 40260.0 1134.2946000000002 5869.5873 3789.8864 1.9938204000000002 3.6450353 -6.2464438
60853 40680.0 1833.1259 6775.8731 881.47137 1.2813685000000001 0.60775441 -7.3734152
60853 41100.0 2174.3486000000003 6360.055 -2199.8729 0.31637414999999997 -2.5552815 -7.0550060000000006
60853 41520.0 2090.2737 4700.188700000001 -4849.9084 -0.70994707 -5.2170444 -5.3539564
60853 41940.0 1597.9512 2122.3626 -6550.2219000000005 -1.5957995 -6.8556740000000005 -2.6083623
60853 42360.0 793.9046400000001 -869.69492 -6969.7812 -2.1694744 -7.1562126 0.64298496
60853 42780.0 -164.829 -3692.3089 -6027.7705000000005 -2.3203073 -6.062063 3.7685349
60853 43200.0 -1091.3807 -5794.946400000001 -3907.5286 -2.0186012 -3.7839213000000003 6.1605318
60853 43620.0 -1804.8386 -6766.267400000001 -1022.5705 -1.3223544999999999 -0.7643175700000001 7.348829800000001
60853 44040.0 -2165.8616 -6416.183400000001 2062.8252 -0.36809145000000004 2.4038475 7.0980743
60853 44460.0 -2103.5933999999997 -4811.6825 4744.7768 0.65599601 5.0983393 5.4630545
60853 44880.0 -1632.3821 -2272.0474 6501.3326 1.5502650000000002 6.7941771 2.7642461
60853 45300.0 -844.00801 709.15443 6991.6660999999995 2.1418299000000003 7.1676381000000005 -0.46742319
60853 45720.0 108.17906 3552.6958 6121.4115 2.3175808000000004 6.1493161 -3.6086869000000004
60853 46140.0 1039.2676 5705.6563 4058.5917999999997 2.0427068 3.9322872 -6.0524624000000005
60853 46560.0 1767.7416 6745.972900000001 1201.8256999999999 1.3684265 0.9409762100000001 -7.3203136
60853 46980.0 2150.8702000000003 6468.9665 -1889.367 0.42558402 -2.2384773 -7.1543738999999995
60853 47400.0 2113.5616 4927.4412999999995 -4610.3122 -0.60018845 -4.9798687 -5.5867796
60853 47820.0 1663.4774 2423.5332000000003 -6428.6 -1.5073666000000001 -6.745548 -2.9284198999999997
60853 48240.0 888.9590300000001 -553.1411999999999 -6990.0010999999995 -2.1196452 -7.194267 0.29899545
60853 48660.0 -58.809128 -3422.0224 -6185.6046 -2.3187664 -6.2405738 3.4681966
60853 49080.0 -995.0593000000001 -5623.399 -4171.7587 -2.0655251 -4.067655 5.9627244
60853 49500.0 -1736.9131000000002 -6726.4351 -1341.1275 -1.40835 -1.0972282 7.2922306
60853 49920.0 -2139.3233999999998 -6514.941400000001 1752.3893 -0.47611205 2.087274 7.1931364
60853 50340.0 -2123.0459 -5027.8292 4503.2483 0.5487539100000001 4.8637517 5.687300100000001
60853 50760.0 -1693.3126000000002 -2562.0925 6373.9483 1.4633556 6.6827515 3.0739392
60853 51180.0 -934.1571 402.19111 7001.684 2.0918042999999997 7.1994958 -0.13369736000000002
60853 51600.0 6.5149427 3288.326 6265.2964 2.3135848 6.316764600000001 -3.315259
60853 52020.0 945.8240000000001 5534.7042 4307.2186 2.085224 4.2025357 -5.8551077
60853 52440.0 1700.861 6703.0273 1508.0778 1.449471 1.2640052000000002 -7.254015900000001
60853 52860.0 2124.6793 6565.6118 -1586.3266 0.53058529 -1.9214856 -7.2319217
60853 53280.0 2133.0965 5144.8113 -4369.1916 -0.49064977 -4.730472799999999 -5.7999658
60853 53700.0 1726.1625000000001 2722.1877999999997 -6299.1404 -1.4148561 -6.6145285000000005 -3.2384369000000004
60853 54120.0 983.5061700000001 -229.92955 -7000.9051 -2.0631253000000003 -7.2107541 -0.047975741
60853 54540.0 49.617967 -3137.2426 -6337.7502 -2.3104538 -6.4043182 3.1543782
60853 54960.0 -893.86138 -5433.2835000000005 -4437.0508 -2.1076854 -4.3468205 5.7474102
60853 55380.0 -1664.095 -6676.2645 -1674.0593000000001 -1.4909963 -1.4352401 7.2099394000000006
60853 55800.0 -2107.4199 -6608.0893 1418.1176 -0.58555147 1.7537716 7.271741100000001
60853 56220.0 -2139.7252000000003 -5251.036099999999 4233.3431 0.43413823 4.6009036 5.9113726
60853 56640.0 -1754.8341 -2870.12 6221.145 1.3681457000000001 6.5486194 3.3975474
60853 57060.0 -1028.1274 69.92119100000001 6994.1028 2.0350402 7.2197188 0.22212809
60853 57480.0 -101.21091000000001 2996.2864 6401.277900000001 2.3057452 6.4842846000000005 -2.9988064
60853 57900.0 845.6273100000001 5338.0638 4554.9011 2.1270268999999997 4.4813161 -5.6406259
60853 58320.0 1626.8937 6636.078 1817.0055 1.5312762 1.5962564 -7.1798582
60853 58740.0 2089.5809 6634.6367 -1277.5889 0.63542833 -1.6026056000000002 -7.3103454
60853 59160.0 2143.3742 5334.8212 -4121.7694 -0.383025 -4.4826027 -6.008115200000001
60853 59580.0 1778.1988000000001 2991.7889 -6158.978 -1.3240782999999998 -6.4817594 -3.5364379
60853 60000.0 1067.3321 67.34142 -6995.3635 -2.0047769 -7.213737 -0.38168536999999997
60853 60420.0 149.14229 -2870.3166 -6469.7168 -2.2953807999999998 -6.5442918 2.8431428000000003
60853 60840.0 -797.9881300000001 -5250.6302000000005 -4684.760200000001 -2.1402527 -4.6028956 5.516575700000001
60853 61260.0 -1589.9282 -6609.97 -1986.7373 -1.5682762000000001 -1.762069 7.118478100000001
60853 61680.0 -2071.9963000000002 -6681.2789 1099.0665000000001 -0.6897145299999999 1.4268045999999999 7.3323051999999995
60853 62100.0 -2150.1689 -5450.1556 3970.2049 0.32352967 4.3381978 6.1126052
60853 62520.0 -1809.2343 -3156.6279 6065.5247 1.2729463 6.4021692 3.6996894000000005
60853 62940.0 -1115.909 -248.18461 6976.389700000001 1.9739305 7.2181951 0.56570551
60853 63360.0 -205.261 2708.5370000000003 6524.8026 2.2906846 6.6279077 -2.6811320999999997
60853 63780.0 746.1646999999999 5141.3468 4800.5414 2.158692 4.735927 -5.4073307999999995
60853 64200.0 1551.1991 6567.5813 2136.0016 1.6049606 1.9185449 -7.0747284
60853 64620.0 2051.8531000000003 6706.2613 -946.6345500000001 0.73903792 -1.2712212999999999 -7.3608378000000005
60853 65040.0 2151.6652999999997 5534.8275 -3843.8943 -0.27159124 -4.214300000000001 -6.2060134
60853 65460.0 1831.3779 3282.6879 -5988.808900000001 -1.2280727999999999 -6.3318342 -3.8385737
60853 65880.0 1153.9872 390.36956 -6963.0524000000005 -1.9440507 -7.2128018 -0.72410772
60853 66300.0 251.75159 -2578.03 -6577.1377 -2.2811514 -6.6881788 2.5315396999999997
60853 66720.0 -699.571 -5043.8314 -4905.6473 -2.1735624 -4.8577933 5.2961165
60853 67140.0 -1514.193 -6524.510700000001 -2274.0238 -1.6410342 -2.0751328 7.0274377999999995
60853 67560.0 -2032.7762 -6729.5573 803.32037 -0.78742575 1.1147475999999998 7.3823603
60853 67980.0 -2153.8478999999998 -5618.6047 3723.0647000000004 0.21865457000000002 4.0829329 6.292847
60853 68400.0 -1854.0517 -3409.0537999999997 5914.5876 1.1807012 6.2516593 3.976083
60853 68820.0 -1193.981 -537.37206 6953.0392 1.9102319 7.1965066 0.88811987
60853 69240.0 -301.86888 2438.8689 6636.7972 2.2677424999999998 6.7420172 -2.3688693
60853 69660.0 648.85547 4941.1981 5027.8638 2.1846959999999997 4.9765565 -5.1664437
60853 70080.0 1473.2903999999999 6482.0913 2438.3513 1.6759999 2.2385635 -6.960473100000001
60853 70500.0 2010.2824 6757.9237 -628.82558 0.8399072599999999 -0.94021266 -7.3977466000000005
60853 70920.0 2155.2934 5716.374900000001 -3572.3687000000004 -0.16065299 -3.936646 -6.3860219
60853 71340.0 1879.9482 3559.8469 -5817.469599999999 -1.1284736 -6.1616447 -4.1280507
60853 71760.0 1238.5243 710.01864 -6926.9332 -1.8752663 -7.184254 -1.067957
60853 72180.0 356.14168 -2277.9694 -6685.2478 -2.2570756000000003 -6.8087889 2.2001264000000003
60853 72600.0 -595.51819 -4822.2275 -5138.5525 -2.1995998 -5.1057508 5.0434947
60853 73020.0 -1431.2678999999998 -6428.3368 -2589.9019 -1.7113070000000001 -2.3995846000000003 6.9022195
60853 73440.0 -1987.7383 -6780.0588 465.44782000000004 -0.89017457 0.77030476 7.4091963
60853 73860.0 -2154.8609 -5803.2492999999995 3430.2405 0.10409260000000001 3.7918299 6.4741554
60853 74280.0 -1902.5386 -3697.0655 5725.073 1.0771219 6.0704126 4.2728678
60853 74700.0 -1279.8499 -871.0424 6902.6185000000005 1.838861 7.1640275 1.2421255000000002
60853 75120.0 -408.31258 2124.3856 6734.5289 2.2427374 6.8640516 -2.0295270000000003
60853 75540.0 542.60595 4706.352900000001 5252.9125 2.2104948 5.2270452999999995 -4.9096026
60853 75960.0 1387.8074 6371.384099999999 2745.2549 1.7465969000000001 2.5659322 -6.8348693
60853 76380.0 1961.7964 6791.7642000000005 -299.35377 0.94082916 -0.60017108 -7.424059100000001
60853 76800.0 2152.3327999999997 5884.4076 -3285.6582000000003 -0.048635883 -3.6489403000000005 -6.5594672
60853 77220.0 1922.522 3827.7143 -5628.7107000000005 -1.0269583 -5.981022299999999 -4.4137701
60853 77640.0 1318.0786 1024.9836 -6872.241599999999 -1.8034584 -7.1439879 -1.4103746000000001
60853 78060.0 457.13435 -1977.295 -6774.9986 -2.2284461 -6.9160533 1.8657347
60853 78480.0 -492.72619000000003 -4594.669900000001 -5355.853700000001 -2.219832 -5.340994 4.7805854
60853 78900.0 -1346.5336000000002 -6316.5239 -2890.1524 -1.7780854 -2.7208270000000003 6.7657127
60853 79320.0 -1937.3419 -6804.8877999999995 141.10226 -0.98844818 0.43430672 7.4284245
60853 79740.0 -2149.0116000000003 -5961.986900000001 3143.7681000000002 -0.0062521553 3.5042019 6.638948999999999
60853 80160.0 -1939.2843 -3950.1972 5527.9629 0.97792293 5.8944289 4.5532819
60853 80580.0 -1352.0843 -1168.6334 6834.9303 1.7705083 7.127618099999999 1.5689856
60853 81000.0 -500.83233 1840.9560000000001 6803.2001 2.2156904 6.96648 -1.7157757
60853 81420.0 448.1503 4491.4255 5440.6755 2.2283114 5.4452758 -4.6648254
60853 81840.0 1309.6041 6264.8913 3013.1519 1.8057075 2.859353 -6.7025951
60853 82260.0 1915.2271 6814.506200000001 -4.5463643000000005 1.0303878 -0.28531 -7.427999700000001
60853 82680.0 2146.9576 6033.7172 -3021.4299 0.055356313000000004 -3.369516 -6.7001013
60853 83100.0 1960.4628 4077.2878 -5448.6775 -0.9278500900000001 -5.7901417 -4.6676361
60853 83520.0 1393.2402 1328.9618 -6815.1011 -1.7283678 -7.0808103000000004 -1.7325942
60853 83940.0 555.93773 -1677.0816000000002 -6857.0285 -2.1931119 -6.9978150999999995 1.5363924
60853 84360.0 -389.09782 -4357.787200000001 -5565.9269 -2.2328261000000005 -5.5561862 4.5113091999999995
60853 84780.0 -1258.4108999999999 -6191.2283 -3190.2599 -1.8378355 -3.027875 6.6148757
60853 85200.0 -1882.1285 -6816.924 -191.33131 -1.0827065 0.099508803 7.4296024
60853 85620.0 -2137.8225 -6109.6673 2845.1644 -0.11450203 3.2127666 6.78865
60853 86040.0 -1975.2212 -4206.955900000001 5323.5913 0.87580625 5.6967286999999995 4.8166718
60854 60.0 -1426.4586000000002 -1481.7393000000002 6758.664 1.6937535000000001 7.064625 1.9039114
60854 480.0 -599.30102 1532.3656 6870.7855 2.1803126 7.0525685000000005 -1.3781869999999998
60854 900.0 344.90693 4247.8631 5638.7296 2.241378 5.663753300000001 -4.391680900000001
60854 1320.0 1221.739 6133.7482 3302.6539 1.8646328 3.1672052 -6.547554
60854 1740.0 1859.8206000000002 6820.9498 319.48891 1.1234179999999998 0.051034617 -7.421277
60854 2160.0 2134.6354 6175.755099999999 -2726.3938 0.16395957000000003 -3.070932 -6.8419042
60854 2580.0 1993.343 4326.5029 -5239.8481 -0.82479196 -5.586717 -4.9291987
60854 3000.0 1464.7238 1636.4959 -6732.614500000001 -1.6505469000000002 -7.0108736 -2.0628221
60854 3420.0 652.1144300000001 -1370.9345 -6916.7041 -2.1552506 -7.0742549 1.2005967000000002
60854 3840.0 -286.85613 -4112.4919 -5756.4766 -2.2423286 -5.7649591000000004 4.2340876
60854 4260.0 -1169.9884 -6054.8347 -3475.16 -1.8932869 -3.3298334 6.4504562
60854 4680.0 -1824.8805 -6816.532700000001 -515.07001 -1.1736308 -0.23702325 7.411744
60854 5100.0 -2123.1627000000003 -6246.214 2545.9332000000004 -0.22298716999999998 2.908145 6.921341099999999
60854 5520.0 -2006.0748999999998 -4453.9486 5107.6287 0.77119373 5.4842452 5.0738663
60854 5940.0 -1496.7866999999999 -1790.9134 6668.347400000001 1.6135013 6.985854000000001 2.2349876
60854 6360.0 -695.37561 1221.4005 6923.927900000001 2.1399463 7.1226585 -1.0377436
60854 6780.0 241.79711 3995.7422 5825.0787 2.248836 5.8693635 -4.108382300000001
60854 7200.0 1131.7308 5989.8628 3585.9182 1.9185343000000001 3.4684322 -6.3771319
60854 7620.0 1800.4936000000002 6813.5072 644.2378199999999 1.2131686 0.38863907999999997 -7.3974856
60854 8040.0 2117.5262000000002 6306.0876 -2423.7915000000003 0.27177514 -2.7636320999999997 -6.9690005
60854 8460.0 2021.6681 4568.928900000001 -5018.3204000000005 -0.72003286 -5.369610300000001 -5.1814077
60854 8880.0 1532.8020000000001 1943.4665 -6634.9223 -1.5690838000000003 -6.925516200000001 -2.3905347999999997
60854 9300.0 746.67621 -1059.0413 -6961.5315 -2.1126475 -7.1365071 0.86073226
60854 9720.0 -184.15035 -3856.1522999999997 -5935.0662 -2.2468106 -5.962994 3.9474386
60854 10140.0 -1079.1002 -5903.9547 -3752.8938 -1.9442301 -3.6259023000000004 6.2729108
60854 10560.0 -1763.5393000000001 -6800.446900000001 -837.53713 -1.2612961 -0.5734587800000001 7.3790474
60854 10980.0 -2103.4253 -6368.295099999999 2241.7887 -0.33013254999999997 2.5976369 7.0398208
60854 11400.0 -2031.7717 -4690.1168 4881.3655 0.6655931 5.2605075 5.3200129
60854 11820.0 -1562.8568 -2094.8341 6564.1515 1.5300148999999998 6.8922210999999995 2.5604732
60854 12240.0 -788.91102 909.09276 6962.0767000000005 2.0947724 7.177088800000001 -0.69621266
60854 12660.0 139.03129 3736.0724 5998.3611 2.2507725 6.0615052 -3.8169522000000002
60854 13080.0 1039.7929000000001 5833.7645 3860.8049 1.9673370000000001 3.7613865 -6.1928539
60854 13500.0 1737.3935000000001 6791.8544 967.13774 1.2993994 0.72519973 -7.3570408
60854 13920.0 2095.63 6423.3585 -2116.0832 0.37842902 -2.4498573 -7.0804745
60854 14340.0 2045.2544 4802.330599999999 -4785.8967 -0.61390161 -5.140219 -5.4223164
60854 14760.0 1597.1853 2247.3273 -6522.8985999999995 -1.4841278 -6.8247952 -2.7134199
60854 15180.0 839.3224100000001 -743.7152199999999 -6991.494900000001 -2.0652139000000003 -7.183486299999999 0.51860181
60854 15600.0 -81.211921 -3590.4912000000004 -6101.1206 -2.2460533000000003 -6.1486826 3.6521965
60854 16020.0 -985.85712 -5739.585599999999 -4022.7354 -1.9904259 -3.9146741 6.0822017
60854 16440.0 -1698.1401 -6769.2756 -1158.2328 -1.3455401 -0.90902998 7.3308866
60854 16860.0 -2078.5852 -6476.3258 1932.9829 -0.4357895 2.2814504 7.143621
60854 17280.0 -2052.2014 -4915.8075 4644.903 0.55925983 5.0256967999999995 5.5548642
60854 17700.0 -1624.4317 -2393.7102000000004 6446.1072 1.4435913 6.7840401 2.8801187
60854 18120.0 -879.49702 595.62931 6985.1418 2.0450064 7.216224400000001 -0.35415655
60854 18540.0 37.068333 3469.1331 6158.207200000001 2.2472365 6.2402461 -3.5182808
60854 18960.0 946.37229 5665.6445 4126.5222 2.0109154 4.0455191 -5.9957834000000005
60854 19380.0 1670.8582 6755.7968 1287.0074 1.3817337 1.0594803 -7.3006284
60854 19800.0 2069.1026 6526.7883 -1804.5973000000001 0.48339571000000003 -2.1311169 -7.1761841
60854 20220.0 2063.9853000000003 5025.2847 -4543.6759 -0.50707228 -4.8997234 -5.6509793
60854 20640.0 1657.4816 2546.3066000000003 -6397.121 -1.3962792 -6.709144500000001 -3.0300139
60854 21060.0 929.4577800000001 -426.72786 -7006.5344000000005 -2.0132955 -7.2147671 0.1756856
60854 21480.0 21.283292000000003 -3316.9537000000005 -6254.0442 -2.2400988 -6.3209591000000005 3.3493571
60854 21900.0 -890.90691 -5562.6574 -4283.8225 -2.0317538 -4.1949061 5.8786059999999996
60854 22320.0 -1629.2576000000001 -6723.3842 -1476.2952 -1.426213 -1.2425171000000002 7.2670455
60854 22740.0 -2049.1693 -6570.2163 1620.1876000000002 -0.5398966000000001 1.9604682 7.2320981
60854 23160.0 -2067.8717 -5130.6553 4398.6287999999995 0.45225302 4.7802511 5.777787900000001
60854 23580.0 -1681.9750000000001 -2687.0844 6314.430200000001 1.3544738 6.6614051000000005 3.1934055
60854 24000.0 -967.49818 281.20144 6992.9721 1.9911443 7.2401944 -0.011971873000000001
60854 24420.0 -64.218097 3195.1307 6304.2527 2.2388554 6.4055495 -3.2130636
60854 24840.0 851.58122 5485.609 4382.3578 2.0497321000000004 4.3203426 -5.7868583
60854 25260.0 1601.127 6705.116900000001 1602.7397 1.4602829 1.3903985 -7.229153800000001
60854 25680.0 2038.1176 6615.5628 -1490.7161 0.58624268 -1.8090941 -7.2563017
60854 26100.0 2077.8048 5236.2902 -4292.943200000001 -0.40017526 -4.6496429 -5.8666435
60854 26520.0 1713.3673999999999 2838.3795 -6258.3784000000005 -1.3061438 -6.57944 -3.3387686
60854 26940.0 1016.5423000000001 -110.26841 -7006.7051 -1.9572941000000001 -7.2302287 -0.16617832000000002
60854 27360.0 122.68638000000001 -3037.4717 -6393.1714 -2.2290566 -6.4787673 3.040415
60854 27780.0 -794.8805 -5374.534000000001 -4535.0081 -2.0680156000000003 -4.465028 5.6628737000000005
60854 28200.0 -1557.394 -6663.5203 -1790.4498 -1.5028413 -1.5723587 7.187389100000001
60854 28620.0 -2015.4563 -6650.143900000001 1304.5001000000002 -0.6418868400000001 1.6358506 7.3046029
60854 29040.0 -2078.8327 -5334.4261 4143.2932 0.34507016 4.5249749 5.9877952
60854 29460.0 -1735.3535 -2974.5083 6169.2993 1.2631203 6.5250254000000005 3.4990036
60854 29880.0 -1051.0487 -29.507206999999998 6982.0545999999995 1.9361369 7.2529783 0.31814279
60854 30300.0 -162.17208 2919.4076 6428.946900000001 2.2275524 6.5547791 -2.9191007
60854 30720.0 758.36923 5296.5818 4614.2443 2.0836687 4.5756615 -5.5843745
60854 31140.0 1530.4807 6636.474200000001 1893.0296 1.5317604 1.6982007000000001 -7.1576106
60854 31560.0 2002.7757 6676.2403 -1200.0297 0.6800060099999999 -1.5112724000000002 -7.325295199999999
60854 31980.0 2083.2256 5409.6771 -4057.8242999999998 -0.30252573 -4.4178385 -6.0580767
60854 32400.0 1757.3248 3087.5607000000005 -6122.6645 -1.2226721 -6.454056400000001 -3.6131013
60854 32820.0 1089.9754 165.4388 -6994.924400000001 -1.9024567 -7.230930000000001 -0.47320209
60854 33240.0 211.33094 -2788.8692 -6507.7913 -2.2126378 -6.6054965 2.7544986
60854 33660.0 -708.21985 -5202.521 -4756.0627 -2.0939343 -4.6978709 5.4501178
60854 34080.0 -1490.1623000000002 -6605.644200000001 -2078.4124 -1.5677219 -1.8716628000000002 7.0898853
60854 34500.0 -1981.8546000000001 -6722.3771 1004.6194 -0.73472813 1.3258926 7.3479798
60854 34920.0 -2086.969 -5527.8243 3891.1899 0.24254130000000002 4.2682293 6.168851399999999
60854 35340.0 -1784.823 -3254.5176 6016.4499000000005 1.1723435 6.3773471 3.7831515000000002
60854 35760.0 -1134.4711000000002 -346.24169 6964.9107 1.8732091000000002 7.2418183 0.65808461
60854 36180.0 -262.75112 2629.4135 6550.4515 2.2089980000000002 6.6934833 -2.5979333000000002
60854 36600.0 660.35461 5096.6956 4862.3371 2.1099725 4.82578 -5.3446229
60854 37020.0 1453.5498 6562.1637 2216.78 1.6018703 2.025744 -7.046455600000001
60854 37440.0 1962.7238 6746.2456 -861.46603 0.78177486 -1.1684097999999998 -7.3714774
60854 37860.0 2088.4581000000003 5612.293 -3771.1116 -0.18982759 -4.1335132 -6.2595334000000005
60854 38280.0 1807.3667 3384.6066 -5945.1139 -1.1242484 -6.2922801 -3.9243282
60854 38700.0 1174.874 498.97469 -6959.9808 -1.8376187 -7.2214127 -0.82922538
60854 39120.0 314.13956 -2483.6574 -6619.282400000001 -2.1934364 -6.7470464 2.4247962000000003
60854 39540.0 -607.5786700000001 -4983.5831 -4989.150000000001 -2.1231332000000003 -4.9600345 5.2099788
60854 39960.0 -1410.9127 -6513.0246 -2385.3296 -1.6388749 -2.2019697000000003 6.9837773
60854 40380.0 -1939.5859 -6774.202200000001 684.69921 -0.8353052000000001 0.98418011 7.391449
60854 40800.0 -2088.2088 -5707.9403 3620.2578 0.13224403 3.9854654000000003 6.3594612
60854 41220.0 -1828.3436000000002 -3524.7203 5846.3885 1.0752434000000002 6.2120626 4.0803165
60854 41640.0 -1211.2706 -652.8177800000001 6927.3341 1.8084917 7.2225697 0.99555982
60854 42060.0 -357.09549 2346.1367 6647.4132 2.1880364 6.8174279 -2.2898784
60854 42480.0 566.3925899999999 4885.1497 5065.5912 2.1372705 5.0723625000000006 -5.1223188
60854 42900.0 1378.9233000000002 6466.1813 2487.0513 1.6673271 2.3303723 -6.9514678000000005
60854 43320.0 1920.8404 6778.2447 -580.87022 0.87038287 -0.86836322 -7.4132559
60854 43740.0 2086.3481 5761.9224 -3534.9398 -0.094713345 -3.8887432 -6.4198032000000005
60854 44160.0 1844.5218 3620.4157000000005 -5797.537 -1.0371042 -6.1383156 -4.1769134
60854 44580.0 1244.1434 774.9125799999999 -6930.6592 -1.7742208000000002 -7.1875727 -1.1316395000000001
60854 45000.0 402.79053999999996 -2220.8648 -6718.2375999999995 -2.1662601 -6.8434915 2.1258850000000002
60854 45420.0 -516.46446 -4786.974 -5202.8201 -2.1391171 -5.1745809 4.972156
60854 45840.0 -1335.5721 -6425.4278 -2676.8662999999997 -1.6968067000000002 -2.497434 6.8582131
60854 46260.0 -1895.0431 -6815.0993 370.31451000000004 -0.92302869 0.6736761400000001 7.4118676
60854 46680.0 -2085.2943 -5877.0303 3344.9909 0.032307455 3.7199331000000004 6.5175535
60854 47100.0 -1868.6827 -3792.3219 5665.2343 0.98216594 6.0427366000000005 4.347121100000001
60854 47520.0 -1287.2541 -967.2906 6876.550700000001 1.7406584 7.1865724 1.3246701
60854 47940.0 -454.40841 2046.4558000000002 6740.9067000000005 2.1596471000000004 6.9268584 -1.9603937
60854 48360.0 467.19121 4659.6167000000005 5283.5312 2.1563108000000004 5.3093789 -4.867098299999999
60854 48780.0 1297.1878000000002 6359.155400000001 2787.3372000000004 1.7300792 2.6481451000000003 -6.8213713
60854 49200.0 1872.5846999999999 6810.7001 -257.3036 0.9643456200000001 -0.53323597 -7.434324800000001
60854 49620.0 2080.8928 5926.9886 -3251.6402000000003 0.011648541 -3.6030432 -6.5868725999999995
60854 50040.0 1882.6965 3885.1849 -5609.469 -0.9392611500000001 -5.957388 -4.4556051
60854 50460.0 1318.2486000000001 1087.291 -6873.6953 -1.7036994 -7.1451992 -1.4669619
60854 50880.0 498.33531 -1921.4987 -6802.7657 -2.1363116 -6.946704700000001 1.7983528
60854 51300.0 -417.99796999999995 -4558.494900000001 -5412.1946 -2.1553902 -5.4034949 4.714829300000001
60854 51720.0 -1253.2794 -6312.2299 -2970.5507000000002 -1.7563385 -2.8086212 6.7207751
60854 52140.0 -1844.99 -6839.571 49.422650000000004 -1.0144641 0.34013562 7.4218104
60854 52560.0 -2077.3182 -6034.844599999999 3059.5373 -0.073308859 3.4290684000000002 6.6736739
60854 52980.0 -1904.4457 -4053.0794 5471.2548 0.88295055 5.8515935 4.6194395
60854 53400.0 -1359.8913 -1280.3467 6812.3995 1.6672033 7.1328831 1.6603407000000001
60854 53820.0 -549.82147 1742.2076000000002 6819.6403 2.1264141 7.0217527 -1.6268757
60854 54240.0 367.48002 4424.5169000000005 5492.3408 2.1696087000000004 5.5361495000000005 -4.5966598
60854 54660.0 1212.75 6239.897400000001 3086.0302 1.7884061999999998 2.9641368000000003 -6.6709675
60854 55080.0 1820.3366 6832.3912 73.36698299999999 1.0567752000000001 -0.18928319999999998 -7.4353143
60854 55500.0 2071.5145 6086.9981 -2953.9522 0.11989047 -3.299541 -6.7403835
60854 55920.0 1918.333 4153.2533 -5403.509099999999 -0.83679198 -5.755078900000001 -4.731385
60854 56340.0 1392.0966 1411.6103 -6799.9539 -1.6272532000000002 -7.0840949 -1.8101445
60854 56760.0 596.0796300000001 -1603.7444 -6875.5029 -2.1008398 -7.0384477 1.4557286999999999
60854 57180.0 -315.31338 -4308.6274 -5616.7608 -2.1676990000000003 -5.629523900000001 4.4401677
60854 57600.0 -1165.5064 -6178.0019 -3266.4375 -1.8138150000000002 -3.1239718 6.567768500000001
60854 58020.0 -1788.9424 -6845.7525000000005 -279.51076 -1.1055334 -0.002172188 7.4198005
60854 58440.0 -2063.4881 -6178.6648 2761.837 -0.17993916999999998 3.1267498000000002 6.8216901
60854 58860.0 -1935.0701999999999 -4305.0632000000005 5262.4075 0.78133462 5.6470991999999995 4.8873936
60854 59280.0 -1428.7078999999999 -1590.5852 6732.4942 1.5898647000000001 7.0642839 1.9964103
60854 59700.0 -643.33191 1434.4623000000001 6884.137 2.0880012000000003 7.1018558 -1.2862875
60854 60120.0 266.64894 4178.554 5693.137 2.176772 5.7452832 -4.3193935
60854 60540.0 1125.1501 6108.764099999999 3387.1886 1.8398554999999999 3.2666642 -6.5025383
60854 60960.0 1763.2298 6843.3945 417.99371 1.1460830000000002 0.15849352 -7.4139946000000005
60854 61380.0 2056.5655 6239.4131 -2634.2742000000003 0.22859478 -2.9842398 -6.880894100000001
60854 61800.0 1948.9008000000001 4418.6105 -5171.9669 -0.73243414 -5.5415557 -5.003144000000001
60854 62220.0 1461.6437 1737.0941 -6699.8357000000005 -1.5492480000000002 -7.0159218 -2.1524088000000003
60854 62640.0 690.0680600000001 -1282.3741000000002 -6921.184700000001 -2.0641748 -7.1247264999999995 1.1159052
60854 63060.0 -215.72866000000002 -4052.2531000000004 -5792.611400000001 -2.1777878 -5.8465236 4.1699117999999995
60854 63480.0 -1079.5953000000002 -6033.0666 -3532.7196000000004 -1.8664929 -3.4242939999999997 6.4141145
60854 63900.0 -1732.4081 -6835.5123 -582.3970300000001 -1.1900519 -0.32938517 7.4052194
60854 64320.0 -2046.5734 -6301.4044 2482.6217 -0.28098096 2.8309044 6.9467774
60854 64740.0 -1960.9514 -4536.2796 5061.437 0.68156172 5.4342299999999994 5.130155800000001
60854 65160.0 -1493.0186 -1886.5134 6651.1685 1.5094535 6.9740343000000005 2.3152868
60854 65580.0 -734.52624 1130.5133 6943.1804 2.0426171 7.1550773 -0.94751679
60854 66000.0 166.81301000000002 3927.5616 5881.0729 2.1785025 5.9436592 -4.0267609
60854 66420.0 1035.6036 5959.5564 3670.7589 1.8899237 3.5712986 -6.3244682
60854 66840.0 1702.2258000000002 6828.140200000001 741.9307600000001 1.2317597 0.4970515 -7.3884970999999995
60854 67260.0 2036.3532 6363.121400000001 -2331.9827 0.33258465000000004 -2.6755097 -7.0048568
60854 67680.0 1972.5892 4654.664400000001 -4949.263 -0.6301516800000001 -5.3218135 -5.2522594
60854 68100.0 1524.4488000000001 2039.1529 -6599.6819000000005 -1.4682015 -6.926122500000001 -2.4773666
60854 68520.0 779.68979 -973.21802 -6962.7841 -2.0195736 -7.1812779 0.77665112
60854 68940.0 -116.6764 -3796.2947999999997 -5968.3995 -2.1782716 -6.0394025000000005 3.8805621
60854 69360.0 -990.2601500000001 -5880.0493 -3809.0766000000003 -1.9126878999999999 -3.7182001000000002 6.2319751
60854 69780.0 -1670.2862 -6816.0024 -906.0287800000001 -1.273895 -0.66940495 7.3678758
60854 70200.0 -2024.6228999999998 -6422.072099999999 2175.5401 -0.38522501 2.5146095 7.061607100000001
60854 70620.0 -1981.2347 -4767.5613 4826.7246 0.57810264 5.209658 5.380216900000001
60854 71040.0 -1551.0295 -2182.2814 6532.826599999999 1.429739 6.8894576 2.6410294
60854 71460.0 -819.4397 828.4289100000001 6968.478 1.9995538 7.2112819 -0.61996262
60854 71880.0 72.783147 3677.0773 6035.0967 2.1788453 6.1290195 -3.7514809000000002
60854 72300.0 950.79549 5807.8263 3920.414 1.9327159 3.8485345000000004 -6.1513171
60854 72720.0 1642.9927 6803.5703 1037.6548 1.3086898000000002 0.81428615 -7.3474311
60854 73140.0 2014.1543000000001 6469.7690999999995 -2048.5748 0.42956852 -2.3766165999999997 -7.1039415
60854 73560.0 1992.4568000000002 4873.915 -4734.3387999999995 -0.53111884 -5.09668 -5.473172
60854 73980.0 1583.0783000000001 2329.5066 -6496.823 -1.3856776 -6.8185512 -2.7819479
60854 74400.0 866.55002 -666.99734 -6995.6715 -1.9700531000000001 -7.2152646 0.44537036
60854 74820.0 -17.969596000000003 -3534.1305 -6134.625599999999 -2.1725362 -6.212280300000001 3.5879759
60854 75240.0 -898.90369 -5714.616599999999 -4079.1489 -1.9529320000000001 -3.9981564 6.0391088
60854 75660.0 -1604.4939 -6780.7187 -1226.4988999999998 -1.3516445000000001 -0.99640292 7.317669700000001
60854 76080.0 -1996.6393 -6522.3216 1866.0406 -0.48448839 2.2070223 7.1631165
60854 76500.0 -1998.1064 -4987.6678 4592.513400000001 0.47756112 4.9790741 5.6035425
60854 76920.0 -1608.8488 -2477.5765 6418.6906 1.3450055 6.7746247 2.9483566999999997
60854 77340.0 -905.57977 515.93652 6988.429099999999 1.9487329 7.2457313999999995 -0.27947158
60854 77760.0 -25.589762 3409.1954 6191.5785000000005 2.1722732000000002 6.3033458 -3.4521892
60854 78180.0 859.3769000000001 5637.1729000000005 4183.4637999999995 1.9719059 4.1297101000000005 -5.9515848
60854 78600.0 1576.4935 6764.1984 1356.2662 1.3862109 1.1478565 -7.2871685
60854 79020.0 1985.7153 6570.0483 -1736.6702 0.53024448 -2.0564043 -7.1956738
