CIC_OEM_VERS = 2.0
CREATION_DATE = 2025-06-27T10:30:50.816531
ORIGINATOR = ISAE-SUPAERO


META_START
OBJECT_NAME = PLEIADES-NEO3
OBJECT_ID = PLEIADES-NEO3
CENTER_NAME = Earth
REF_FRAME = EME2000
TIME_SYSTEM = UTC
START_TIME = 2025-06-26T22:00:00.000
USEABLE_START_TIME = 2025-06-26T22:00:00.000
USEABLE_STOP_TIME = 2025-06-28T21:57:00.000
STOP_TIME = 2025-06-28T21:57:00.000
INTERPOLATION = lagrange
INTERPOLATION_DEGREE = 5
META_STOP



60852 79200.0 1900.705 6667.8342999999995 992.59174 1.2928863 0.72050595 -7.3957664
60852 79620.0 2233.7875 6288.1996 -2108.5435 0.26568607 -2.4983557999999997 -7.1175187
60852 80040.0 2116.169 4639.818200000001 -4783.0125 -0.8162527199999999 -5.2164925 -5.3985393
60852 80460.0 1571.3937 2054.8298999999997 -6489.4148 -1.7333359000000002 -6.8814834000000005 -2.5872413
60852 80880.0 709.4886 -944.82627 -6882.4833 -2.3005801999999997 -7.1576048000000005 0.74768269
60852 81300.0 -294.7934 -3753.445 -5887.5305 -2.4018954 -5.9824265 3.9343231999999997
60852 81720.0 -1241.5142 -5811.9412999999995 -3703.3583 -2.0159619 -3.5964009000000003 6.314785700000001
60852 82140.0 -1934.6065 -6686.25 -767.18798 -1.2278423 -0.495243 7.4269970999999995
60852 82560.0 -2237.6308 -6212.268599999999 2324.4525 -0.19189982 2.7079662 7.0405216
60852 82980.0 -2090.0118 -4487.3363 4946.3905 0.88241899 5.3642351 5.2308696
60852 83400.0 -1521.6701 -1859.0036000000002 6570.1359 1.77742 6.9370246 2.3693274
60852 83820.0 -647.426 1143.1000000000001 6869.705 2.3144467 7.114224 -0.96725092
60852 84240.0 356.92762 3915.2807000000003 5784.616900000001 2.3863648 5.8604443 -4.11193
60852 84660.0 1289.5629 5899.3435 3531.1136 1.9772925000000001 3.4222497 -6.432267700000001
60852 85080.0 1961.6804 6692.4086 564.03509 1.1681001000000002 0.28840398 -7.4540433
60852 85500.0 2237.5092999999997 6133.4422 -2517.3654 0.12294914 -2.903993 -6.9666389
60852 85920.0 2060.1773000000003 4332.616900000001 -5086.8296 -0.94583213 -5.5090782 -5.0752389
60852 86340.0 1465.4669 1652.4852 -6626.2271 -1.8261016 -7.0076161 -2.151323
60853 360.0 576.17028 -1358.0993 -6826.2623 -2.335281 -7.081823000000001 1.2117801
60853 780.0 -429.20015 -4094.7801000000004 -5646.6157 -2.3704636999999997 -5.7193339 4.3265567
60853 1200.0 -1347.6428 -6001.6347000000005 -3319.1651 -1.9277052000000001 -3.2039497000000003 6.5660967
60853 1620.0 -1993.3361000000002 -6694.0182 -318.47964 -1.0940216 -0.036127111 7.476221499999999
60853 2040.0 -2235.5112999999997 -6031.3017 2746.976 -0.039673017000000005 3.1365645 6.8693571
60853 2460.0 -2026.2576999999999 -4150.7622 5256.1585000000005 1.0192858 5.6664367 4.8753428
60853 2880.0 -1408.8638 -1433.7737 6704.7898 1.8697664 7.0492512 1.9067402
60853 3300.0 -508.74665000000005 1571.0634 6804.788500000001 2.3432884 7.0155069 -1.4379074
60853 3720.0 493.30443 4261.0928 5537.6641 2.34704 5.575546999999999 -4.4933642
60853 4140.0 1396.3522 6096.3315 3157.0139 1.8795382999999999 3.0133505 -6.6497588
60853 4560.0 2018.6659 6705.9256 140.01809 1.032699 -0.16120509000000002 -7.4694096000000005
60853 4980.0 2234.3825 5964.9698 -2904.9728999999998 -0.023072366 -3.3065347000000003 -6.7811544999999995
60853 5400.0 1999.9737 4022.3898 -5363.174900000001 -1.0739337 -5.785125600000001 -4.7236262
60853 5820.0 1362.8676 1269.8398 -6738.6885999999995 -1.9078931000000001 -7.0976776 -1.7140467000000001
60853 6240.0 451.44975 -1738.3183999999999 -6754.090400000001 -2.3578902 -6.9813549 1.6425530000000002
60853 6660.0 -550.87027 -4396.831 -5406.513400000001 -2.3323376 -5.4540936 4.672813199999999
60853 7080.0 -1442.3393999999998 -6171.1047 -2969.1347 -1.8338664000000002 -2.8194555 6.7559382
60853 7500.0 -2041.4148 -6694.8656 70.64269800000001 -0.96815545 0.37662957 7.4756944999999995
60853 7920.0 -2228.3043 -5866.5697 3096.6615 0.09348972800000001 3.4999651 6.6859824
60853 8340.0 -1965.7571 -3854.9811 5496.594700000001 1.1349501 5.914018 4.5466281
60853 8760.0 -1307.3721 -1067.0692 6787.044 1.9463398 7.1341943 1.4936776999999999
60853 9180.0 -386.05583 1935.4878 6709.0782 2.3658128 6.9190533 -1.8586556
60853 9600.0 612.85896 4548.592 5278.0267 2.3094508 5.3108256 -4.839612
60853 10020.0 1488.2308 6244.9889 2780.4253 1.7871503 2.6280991 -6.848112100000001
60853 10440.0 2063.0891 6680.7477 -279.53407 0.9031807000000001 -0.5889790500000001 -7.4722442000000004
60853 10860.0 2221.2473999999997 5767.206700000001 -3282.9276 -0.16250126 -3.6852589 -6.5839828
60853 11280.0 1928.7735 3682.9610000000002 -5620.0137 -1.1960073 -6.0420281000000005 -4.3674862
60853 11700.0 1247.392 856.51098 -6819.8689 -1.9879869000000001 -7.1764034 -1.2616249000000002
60853 12120.0 314.44565000000006 -2142.8836 -6640.8816 -2.3767844 -6.8560528000000005 2.0992577999999997
60853 12540.0 -681.29803 -4708.660900000001 -5120.1059000000005 -2.2834488 -5.1417555 5.0395707000000005
60853 12960.0 -1538.8293999999999 -6319.0829 -2557.5443 -1.7296838 -2.3922115 6.9577363
60853 13380.0 -2084.6091 -6649.1812 524.8888900000001 -0.8242885 0.84804791 7.466862
60853 13800.0 -2207.7461000000003 -5631.161700000001 3500.6679 0.24770381 3.9151779 6.4588839
60853 14220.0 -1883.9364 -3473.2515 5765.5426 1.2665816 6.1828883 4.1461628
60853 14640.0 -1179.9194 -613.79488 6864.9184000000005 2.0273101 7.1983091 1.0027653
60853 15060.0 -238.58287 2369.2486000000004 6580.128 2.3785069 6.7639619 -2.334669
60853 15480.0 750.67199 4876.5387 4970.3467 2.2517793999999998 4.971649500000001 -5.1996291
60853 15900.0 1589.1403 6404.492200000001 2359.8094 1.6726175 2.179629 -7.0186980000000005
60853 16320.0 2108.2512 6645.5183 -726.13819 0.7570785800000001 -1.0514692 -7.4243179
60853 16740.0 2203.7325 5551.2372000000005 -3665.8804 -0.30993655999999997 -4.0696781 -6.334717899999999
60853 17160.0 1856.8415 3342.5259 -5867.8855 -1.3135436 -6.268050100000001 -3.9719531000000003
60853 17580.0 1137.5566999999999 463.39136 -6889.9349 -2.0532356 -7.208246900000001 -0.81142157
60853 18000.0 190.09231 -2508.5532000000003 -6525.7933 -2.381569 -6.701892300000001 2.5171722
60853 18420.0 -795.4927 -4975.6885 -4845.6788 -2.2309635 -4.8429025 5.348245
60853 18840.0 -1620.2212 -6437.8562 -2185.422 -1.6285856 -1.9976718000000002 7.1048133
60853 19260.0 -2116.7389 -6595.8508 918.86351 -0.69483446 1.2589202000000002 7.4219946000000006
60853 19680.0 -2184.0932000000003 -5416.5542000000005 3836.4098 0.37931071 4.2590968 6.231303
60853 20100.0 -1809.2247 -3140.7449 5974.7065 1.3738689 6.3910111 3.7823009
60853 20520.0 -1069.1404 -230.2949 6904.942400000001 2.0888883000000003 7.2291402 0.57527152
60853 20940.0 -113.8943 2726.661 6442.1665 2.382012 6.610886900000001 -2.7402961
60853 21360.0 864.2575 5135.635200000001 4681.1613 2.1962498 4.6644062 -5.5016592
60853 21780.0 1668.7133999999999 6512.4721 1976.9047 1.568942 1.7796528 -7.155024500000001
60853 22200.0 2137.7318 6580.1523 -1125.8048000000001 0.6263974 -1.4625173 -7.3664634
60853 22620.0 2177.2837999999997 5325.7709 -4001.8955 -0.44095747999999996 -4.4077434 -6.0948529
60853 23040.0 1780.0074 3002.79 -6073.085099999999 -1.4183505 -6.4649155 -3.5997787
60853 23460.0 1026.0042 77.982958 -6923.970700000001 -2.1109836 -7.2253399 -0.38247688
60853 23880.0 66.344886 -2862.2605 -6382.7456 -2.3809309 -6.5364519 2.9171989
60853 24300.0 -906.5470200000001 -5226.7955 -4554.906900000001 -2.1720846000000003 -4.527806 5.6394772
60853 24720.0 -1696.1885 -6535.7388 -1805.7983000000002 -1.5231867000000001 -1.5958672999999999 7.2285147
60853 25140.0 -2142.2493 -6520.7947 1310.0943 -0.56410597 1.6664346 7.3525467
60853 25560.0 -2153.9924 -5183.7752 4159.7080000000005 0.50884613 4.5897472 5.9828976
60853 25980.0 -1729.556 -2797.2402 6164.268599999999 1.4763035 6.578725 3.405305
60853 26400.0 -955.85339 154.79791 6921.9041 2.1438305 7.2363542 0.14485895
60853 26820.0 10.351647000000002 3075.8558 6282.207 2.3783279000000004 6.4354766 -3.1380148
60853 27240.0 974.4991 5378.1742 4375.3568 2.1343139 4.3404503000000005 -5.7863741
60853 27660.0 1742.6487 6598.6936 1586.0903 1.4609387999999999 1.3720809 -7.2679042
60853 28080.0 2160.3392999999996 6492.076400000001 -1523.0556000000001 0.49426756 -1.8703830000000001 -7.2837322
60853 28500.0 2144.0492000000004 5081.1485999999995 -4325.6506 -0.57009871 -4.7323667 -5.8338204
60853 28920.0 1697.8234 2651.2316 -6258.6998 -1.5183226 -6.6409198 -3.214488
60853 29340.0 911.58887 -309.65742 -6935.0898 -2.1619261 -7.2184011 0.048956951
60853 29760.0 -57.229443 -3208.2749 -6218.0976 -2.3728881000000004 -6.348582400000001 3.3085627
60853 30180.0 -1014.4441 -5461.9081 -4248.254900000001 -2.1066915 -4.1964717 5.9125567000000006
60853 30600.0 -1766.6898 -6612.7489000000005 -1419.3793 -1.4135214 -1.1873801000000002 7.3281787000000005
60853 31020.0 -2161.1423 -6424.3616 1697.6783 -0.43223883 2.0696547 7.2583033
60853 31440.0 -2117.4882000000002 -4933.571599999999 4469.6906 0.6362571 4.9062428 5.7140018
60853 31860.0 -1645.012 -2443.7727999999997 6333.804099999999 1.5738512 6.7453147 3.0156648
60853 32280.0 -840.10845 540.2915300000001 6915.380099999999 2.1922420000000002 7.2199707 -0.28833156000000004
60853 32700.0 134.15329 3415.7284 6099.8057 2.3675541 6.238034 -3.5281187000000003
60853 33120.0 1081.4097 5603.138599999999 4052.2599 2.0659153000000003 3.9998078 -6.0545322
60853 33540.0 1810.8700000000001 6662.0155 1186.3522 1.3482397000000002 0.95629503 -7.3580688
60853 33960.0 2175.8141 6379.7851 -1919.1047 0.36020378000000003 -2.2761347 -7.1762382
60853 34380.0 2103.5398 4815.4041 -4638.203 -0.69794234 -5.044532599999999 -5.5507517
60853 34800.0 1609.5881000000002 2285.6211000000003 -6425.2600999999995 -1.6138350000000001 -6.796236 -2.8145442
60853 35220.0 793.53247 -701.60209 -6923.173900000001 -2.2060399000000004 -7.1865258 0.48427055
60853 35640.0 -181.31608 -3548.1407999999997 -6031.3211 -2.3570359 -6.1367861 3.6917361
60853 36060.0 -1119.6463 -5681.946 -3925.2716 -2.0342419 -3.8477069999999998 6.1668234
60853 36480.0 -1831.9714 -6669.4484 -1026.1019000000001 -1.2991612000000001 -0.77189292 7.4026389
60853 36900.0 -2173.5417 -6307.1810000000005 2081.204 -0.29910706 2.4679655 7.1382992000000005
60853 37320.0 -2074.7176 -4666.9455 4765.710599999999 0.76139027 5.2075585 5.424469
60853 37740.0 -1555.8936 -2081.945 6482.832 1.6667364 6.8905683 2.6117451000000003
60853 38160.0 -722.36748 923.7747800000001 6884.392 2.2349232000000003 7.179704 -0.7305412099999999
60853 38580.0 257.19425 3746.4702 5898.169400000001 2.3479899 6.0096869 -3.9174989
60853 39000.0 1183.7884 5807.193200000001 3713.7917 1.9897137 3.6354507 -6.3115683
60853 39420.0 1871.5563000000002 6695.7672999999995 777.03205 1.2289476 0.52239979 -7.4325709
60853 39840.0 2181.085 6231.1193 -2317.2192000000005 0.21984742000000002 -2.6964169 -7.0481400999999995
60853 40260.0 2049.0338 4505.254400000001 -4940.4352 -0.83235032 -5.368833899999999 -5.2417758
60853 40680.0 1501.1253000000002 1865.3436000000002 -6557.7006 -1.7185867000000001 -6.9659329 -2.3774215
60853 41100.0 651.82599 -1150.1688000000001 -6856.9806 -2.2550479 -7.144938000000001 0.9728810600000001
60853 41520.0 -328.98672 -3933.308 -5768.3972 -2.3353399 -5.8808525000000005 4.1213025
60853 41940.0 -1243.441 -5922.9203 -3512.7974 -1.9445365 -3.4312249 6.434581199999999
60853 42360.0 -1907.2096000000001 -6718.3592 -546.90724 -1.1622673 -0.29241078 7.4455948
60853 42780.0 -2187.0646 -6161.2868 2529.565 -0.14814382 2.8981032 6.953499300000001
60853 43200.0 -2027.92 -4367.237099999999 5097.3141 0.8924063999999999 5.4976163 5.0658299
60853 43620.0 -1462.9832 -1699.1333000000002 6642.5994 1.7517427 6.9910977 2.1681906
60853 44040.0 -605.83282 1308.39 6857.661400000001 2.2606591 7.0871268 -1.1620812
60853 44460.0 372.35486 4054.0786000000003 5698.1316 2.3180926 5.7640778 -4.2672237
60853 44880.0 1275.7053 5985.9621 3392.3473 1.9093823 3.2751857 -6.5259381
60853 45300.0 1921.5954 6710.397900000001 401.2983 1.1129199 0.11298133 -7.4727945
60853 45720.0 2178.4217000000003 6076.3455 -2670.9967 0.08869765 -3.0810877999999997 -6.9040545
60853 46140.0 1993.5598 4210.2955 -5200.277099999999 -0.95366278 -5.6512462 -4.9321134
60853 46560.0 1404.8465 1491.2592 -6673.4164 -1.8013097 -7.073462000000001 -1.9625002999999999
60853 46980.0 531.74501 -1529.7874 -6792.2879 -2.2840661 -7.064908900000001 1.4013366
60853 47400.0 -448.73703000000006 -4242.0198 -5536.098599999999 -2.3047316 -5.628855300000001 4.4773307
60853 47820.0 -1338.6361000000002 -6097.9065 -3159.2173 -1.8601785 -3.0572862 6.6460349
60853 48240.0 -1958.4866000000002 -6723.6201 -143.12587 -1.0410923 0.12788887 7.4689621
60853 48660.0 -2183.955 -5995.3162999999995 2902.0818 -0.014825462000000001 3.2791056 6.7839793
60853 49080.0 -1971.0178 -4063.323 5363.6347000000005 1.0108313 5.7622214000000005 4.7385093
60853 49500.0 -1363.7415 -1318.287 6749.5567 1.8315238 7.086748 1.7496445
60853 49920.0 -484.14259000000004 1690.0323 6784.1876 2.2859683 6.9952198 -1.5881663000000001
60853 50340.0 492.12746999999996 4360.26 5459.1665 2.2837683 5.5026509 -4.6157365
60853 50760.0 1369.5013000000001 6155.3006 3036.0497 1.8221094 2.8961571 -6.7263273
60853 51180.0 1970.5438000000001 6708.972400000001 -0.21209402 0.99031048 -0.30712728 -7.4838078999999995
60853 51600.0 2172.755 5904.8514000000005 -3036.2355000000002 -0.0442647 -3.4568207 -6.7233377
60853 52020.0 1934.6215 3903.9789 -5455.246 -1.070027 -5.9065511 -4.596883
60853 52440.0 1304.7239 1112.4785 -6766.7201 -1.8777879000000002 -7.1574845 -1.5409031
60853 52860.0 410.77139 -1904.0581000000002 -6704.8869 -2.3056255 -6.9612464 1.8255701
60853 53280.0 -566.24732 -4536.2616 -5285.0572999999995 -2.2669182 -5.3577425000000005 4.819064900000001
60853 53700.0 -1428.8676 -6251.9839 -2794.5433 -1.7702612 -2.6722866 6.8359516000000005
60853 54120.0 -2002.9966000000002 -6705.417200000001 261.88525 -0.91702413 0.5490805400000001 7.4676606
60853 54540.0 -2173.53 -5807.7303 3265.6423 0.11815833 3.6505479000000003 6.5914299000000005
60853 54960.0 -1907.6417 -3743.7302000000004 5612.4836 1.1256367 6.0085936 4.394362
60853 55380.0 -1260.1269 -930.65502 6833.8892000000005 1.9050850000000001 7.158949 1.3238239
60853 55800.0 -361.03737 2068.2805 6687.389099999999 2.3036406 6.8791068 -2.010158
60853 56220.0 610.08137 4653.616099999999 5200.981 2.2419762000000003 5.2213686 -4.9490614
60853 56640.0 1458.6861000000001 6305.2193 2668.7787000000003 1.7292770000000002 2.5061893 -6.9034311
60853 57060.0 2013.163 6685.8808 -402.08829 0.86521146 -0.7267695599999999 -7.468591900000001
60853 57480.0 2160.4476 5714.331099999999 -3391.2344 -0.17619203 -3.8207089 -6.519328000000001
60853 57900.0 1870.1831000000002 3585.5078 -5691.7304 -1.1821153 -6.141662999999999 -4.2463196
60853 58320.0 1201.4061000000002 730.97661 -6837.2695 -1.9477411 -7.2175815000000005 -1.1147806
60853 58740.0 289.53778000000005 -2271.0349 -6594.879 -2.3199274 -6.834626800000001 2.2443185
60853 59160.0 -681.01708 -4814.459400000001 -5015.7995 -2.2223463000000003 -5.068557 5.1460417
60853 59580.0 -1513.8291000000002 -6383.9701 -2419.3163 -1.6752235000000002 -2.276946 7.0046597
60853 60000.0 -2040.5828000000001 -6662.7441 667.7784399999999 -0.79033632 0.97101209 7.4421961
60853 60420.0 -2155.7118 -5597.4632 3620.0837 0.25070462 4.0127793 6.3760952
60853 60840.0 -1837.7042 -3407.2196000000004 5843.662200000001 1.2369582000000001 6.237054199999999 4.0329562999999995
60853 61260.0 -1151.9767 -534.98716 6895.1443 1.9726094 7.20739 0.89007221
60853 61680.0 -236.29312 2444.1319 6566.6043 2.3137926 6.7379597 -2.4283132999999997
60853 62100.0 726.49083 4934.7704 4922.9195 2.1928264 4.919341999999999 -5.266938000000001
60853 62520.0 1543.5429 6436.0117 2290.0786000000003 1.6308078000000001 2.1047248 -7.056569400000001
60853 62940.0 2049.6983999999998 6641.3508 -804.46786 0.73760947 -1.1456664 -7.4263791
60853 63360.0 2141.8039 5505.2008 -3735.9041 -0.30681806 -4.172243900000001 -6.2917316
60853 63780.0 1800.673 3255.4881 -5909.6002 -1.2896442 -6.3562302 -3.8805233
60853 64200.0 1095.3544 347.38737 -6884.8011 -2.011251 -7.2540206 -0.6838863300000001
60853 64620.0 169.47668 -2630.5902 -6469.8768 -2.3245037 -6.6810413 2.6477220000000004
60853 65040.0 -790.8519100000001 -5076.0563 -4740.854 -2.1699200999999997 -4.7637658 5.4442683
60853 65460.0 -1591.4429 -6496.2817000000005 -2051.8626 -1.5769052 -1.8829882 7.1398142
60853 65880.0 -2070.6478 -6604.4782000000005 1052.7321000000002 -0.6660578100000001 1.3757560000000002 7.3891937
60853 66300.0 -2132.4102000000003 -5381.0829 3944.6297999999997 0.37647924 4.3490381 6.1465354
60853 66720.0 -1765.5567 -3075.7384 6042.0722000000005 1.3398877 6.4396395 3.6718703
60853 67140.0 -1045.0288 -154.08649 6926.126 2.0325969 7.235920600000001 0.46693172
60853 67560.0 -115.49986 2798.4021000000002 6421.1997 2.3184694 6.5841552000000005 -2.8309438
60853 67980.0 837.06525 5190.2793 4627.1817 2.1400824 4.6103284 -5.5674886
60853 68400.0 1621.394 6539.2145 1901.1287 1.5301795 1.7008687 -7.1907315
60853 68820.0 2078.6683000000003 6569.4703 -1208.7021000000002 0.6095633 -1.560615 -7.3631913
60853 69240.0 2115.9103 5272.2623 -4073.57 -0.43534412 -4.5105147 -6.043638700000001
60853 69660.0 1725.4968000000001 2909.3906 -6112.999900000001 -1.391662 -6.5474194 -3.5007306
60853 70080.0 986.55436 -41.139471 -6914.3495 -2.0662456000000002 -7.261303 -0.25228137
60853 70500.0 48.137689 -2985.2086 -6317.6637 -2.323331 -6.5040561 3.055144
60853 70920.0 -898.9971400000001 -5322.6725 -4441.1637 -2.1108966000000002 -4.4348517 5.7386401
60853 71340.0 -1664.5686 -6583.8508 -1662.7156000000002 -1.4718135 -1.4667314 7.2641846
60853 71760.0 -2093.2615 -6512.5829 1453.0538000000001 -0.53454581 1.7999032 7.3167199
60853 72180.0 -2098.6663 -5124.152700000001 4274.5611 0.50903086 4.6970569 5.8870337
60853 72600.0 -1679.7341000000001 -2699.1405 6230.372 1.4473976 6.6416323 3.2738639
60853 73020.0 -923.52321 267.56859000000003 6931.1122000000005 2.0917838000000004 7.2438203 0.00720982
60853 73440.0 18.096969 3180.7108 6236.8656 2.3155778000000002 6.3915837 -3.2562847
60853 73860.0 956.06222 5455.541200000001 4287.8697999999995 2.0746083 4.2555427 -5.8662792
60853 74280.0 1701.9226 6634.268099999999 1475.2593000000002 1.4161445000000001 1.2605553 -7.2976773999999995
60853 74700.0 2105.242 6477.8667000000005 -1634.7339 0.47191285 -1.9916302000000001 -7.2582566
60853 75120.0 2084.8891000000003 5017.6856 -4415.0447 -0.56698434 -4.8420136000000005 -5.7542121
60853 75540.0 1645.1822 2548.1705 -6304.9928 -1.4909293000000001 -6.7161894 -3.0914971
60853 75960.0 874.7861 -433.57986 -6924.2322 -2.1149379 -7.239808200000001 0.19364716999999998
60853 76380.0 -71.492538 -3327.976 -6147.1477 -2.3140584 -6.3066455999999995 3.4444544
60853 76800.0 -1003.745 -5554.7155999999995 -4131.2312 -2.0446588 -4.092052 6.005083
60853 77220.0 -1732.1563 -6655.6759 -1278.6321 -1.3634201000000001 -1.0532112 7.3527027
60853 77640.0 -2110.2214 -6410.0504 1834.0199 -0.40578778 2.2032051000000004 7.2137981
60853 78060.0 -2061.5683 -4868.1168 4574.9340999999995 0.63337006 5.012630199999999 5.613040600000001
60853 78480.0 -1597.0356000000002 -2344.2102999999997 6390.2456 1.5419760000000002 6.803518 2.8814695
60853 78900.0 -810.54608 652.73624 6914.6728 2.1389012 7.2230342 -0.42625428
60853 79320.0 138.98438000000002 3518.3972000000003 6044.5273 2.305302 6.1894561 -3.6462358
60853 79740.0 1060.511 5676.0641 3955.0786000000003 2.0077331 3.9088072000000005 -6.1331856
60853 80160.0 1768.3821 6690.327 1066.9287 1.3052072000000001 0.83781912 -7.3836686
60853 80580.0 2119.7578 6355.8156 -2036.9404 0.33988209 -2.4015284 -7.1426356
60853 81000.0 2043.6783 4739.1735 -4729.7826 -0.69283588 -5.1546962 -5.4615291
60853 81420.0 1557.1511 2170.9822000000004 -6469.5737 -1.5840271000000001 -6.865134 -2.6822583
60853 81840.0 758.0641899999999 -833.1106800000001 -6907.4366 -2.1561538999999996 -7.1958611 0.6326507
60853 82260.0 -193.07766 -3669.984 -5955.728 -2.2957758 -6.082012 3.822579
60853 82680.0 -1105.308 -5769.0143 -3803.9965 -1.9736946000000002 -3.7412529 6.249045000000001
60853 83100.0 -1795.4945 -6709.1057 -885.9644000000001 -1.2529678 -0.64348819 7.412632800000001
60853 83520.0 -2122.7234 -6293.115900000001 2211.3645 -0.28066822 2.5837510000000004 7.0844123
60853 83940.0 -2019.2196000000001 -4601.7946 4855.5588 0.74994011 5.3000379 5.3319057
60853 84360.0 -1510.9001 -1986.5720000000001 6526.3326 1.6293009999999999 6.941282500000001 2.4889933
60853 84780.0 -696.7924499999999 1031.6692 6874.7024 2.1794078 7.1791389 -0.8594339400000001
60853 85200.0 257.76912 3840.1856000000002 5830.1239000000005 2.2886676 5.9671844 -4.0291237
60853 85620.0 1160.3099 5873.1188 3604.6272000000004 1.9351346 3.546042 -6.386859800000001
60853 86040.0 1827.9609 6717.1626 647.6041899999999 1.1893761 0.40389854000000003 -7.4510322
60854 60.0 2125.5724 6201.311900000001 -2441.0362000000005 0.20376616000000003 -2.816868 -7.0029672000000005
60854 480.0 1993.9308999999998 4433.1002 -5035.4378 -0.81958333 -5.4587071 -5.1407926
60854 900.0 1460.9495 1772.2051000000001 -6614.356900000001 -1.6743378 -6.9943121 -2.2511883
60854 1320.0 635.05493 -1244.2062 -6863.8387 -2.1913474 -7.124806899999999 1.0825364
60854 1740.0 -317.94336 -4011.5978 -5735.7434 -2.2694744 -5.828624 4.1981054
60854 2160.0 -1207.1627 -5975.0781 -3455.522 -1.8924698000000002 -3.3606083 6.4753163
60854 2580.0 -1853.8372 -6738.2423 -479.47727000000003 -1.1338311 -0.21004576 7.452872500000001
60854 3000.0 -2127.2109 -6144.771 2593.0536 -0.14548659 2.9881098 6.926651
60854 3420.0 -1971.8672 -4312.9682999999995 5141.5951 0.87253275 5.5851691 5.0005954
60854 3840.0 -1419.1261000000002 -1611.998 6651.3114000000005 1.7144225 7.0560235 2.0649447
60854 4260.0 -580.42376 1413.7422 6817.2465 2.2109547 7.105113500000001 -1.288918
60854 4680.0 375.53503000000006 4157.9737000000005 5610.3688 2.2594938000000004 5.71261 -4.3850877
60854 5100.0 1255.7749 6062.464400000001 3266.5149 1.8522802999999999 3.1691472 -6.5916318
60854 5520.0 1880.8547 6737.8551 262.56634 1.0739488 -0.0071715814 -7.4698744
60854 5940.0 2126.8101 6055.2001 -2794.2983 0.07927879900000001 -3.1828508 -6.8410808
60854 6360.0 1942.2619 4146.0112 -5285.8268 -0.9330128200000001 -5.7240125 -4.832103699999999
60854 6780.0 1367.7051999999999 1404.538 -6712.586200000001 -1.7546327000000002 -7.1023122 -1.8461817
60854 7200.0 518.13323 -1619.0387 -6785.1557 -2.2216547 -7.049346 1.5059523
60854 7620.0 -435.55207 -4317.173900000001 -5490.303900000001 -2.2420505 -5.5790603 4.5545713999999995
60854 8040.0 -1301.5744 -6146.8238 -3088.2795 -1.8111866 -2.9838373000000002 6.6878032
60854 8460.0 -1905.4397 -6738.415 -62.65243 -1.0149144 0.21552182 7.4721839
60854 8880.0 -2124.302 -5969.203 2974.1367000000005 -0.016973625 3.365055 6.7540898
60854 9300.0 -1917.2247 -4002.2681000000002 5414.6815 0.98536137 5.8382708 4.6684622000000005
60854 9720.0 -1324.8934 -1231.0834 6764.4506 1.7867318 7.1319703 1.6504364
60854 10140.0 -466.99140000000006 1786.9823000000001 6755.019200000001 2.2288537 6.994866600000001 -1.6943322
60854 10560.0 484.42207 4446.9546 5388.755400000001 2.2244159 5.4551571999999995 -4.7014245
60854 10980.0 1338.4857 6214.1377999999995 2938.1897999999997 1.7727983 2.8148316 -6.7689078
60854 11400.0 1922.8405 6729.728700000001 -105.13392 0.96275995 -0.3999985 -7.4748958000000005
60854 11820.0 2119.4264 5888.2276 -3127.3114 -0.042763129 -3.5385321 -6.6685669
60854 12240.0 1888.2363 3858.2546 -5516.671 -1.0391063 -5.9617451 -4.5137252
60854 12660.0 1276.2794 1050.1411 -6790.677000000001 -1.8248963000000002 -7.1807598 -1.4490643
60854 13080.0 407.1892 -1969.6458 -6692.8854 -2.2426915 -6.952368000000001 1.9073534
60854 13500.0 -543.87352 -4592.1993 -5242.5595 -2.208621 -5.321662099999999 4.8812267
60854 13920.0 -1385.1296000000002 -6287.8938 -2731.4414 -1.7284426000000002 -2.6136986 6.8711256999999994
60854 14340.0 -1946.4849 -6713.040900000001 333.04492 -0.89879421 0.62373588 7.4700745
60854 14760.0 -2114.7074 -5782.2839 3330.2482000000005 0.11088555 3.7305292 6.5571925
60854 15180.0 -1856.5892 -3685.4061 5654.9148 1.0953856000000002 6.078299200000001 4.3247428
60854 15600.0 -1225.7286000000001 -848.6443800000001 6841.1128 1.8571169 7.1990513 1.2284823
60854 16020.0 -349.18367 2158.3397999999997 6652.6522 2.2457469000000003 6.8758759000000005 -2.1104670999999997
60854 16440.0 597.2816600000001 4732.691900000001 5127.5783 2.184321 5.1732271 -5.0285778
60854 16860.0 1423.7145 6356.5515000000005 2570.3942 1.6835266 2.4258903000000003 -6.9405421
60854 17280.0 1963.3313 6700.318700000001 -505.19994 0.84226132 -0.81686357 -7.4548433
60854 17700.0 2107.0269 5692.8782 -3478.8378 -0.16975024 -3.8982058000000004 -6.4616069
60854 18120.0 1825.6794 3536.9500000000003 -5748.91 -1.1468705000000001 -6.191637200000001 -4.1626034
60854 18540.0 1176.3793 668.06783 -6857.3049 -1.8919515 -7.2354105 -1.0250841000000002
60854 18960.0 290.15272999999996 -2335.4082000000003 -6580.8395 -2.2558384 -6.8214779 2.3194089
60854 19380.0 -654.45483 -4867.892400000001 -4974.4106 -2.1652196 -5.0311559 5.1991528
60854 19800.0 -1466.901 -6417.6738 -2361.2902000000004 -1.6369822 -2.2212544 7.0304169000000005
60854 20220.0 -1982.8421 -6670.280900000001 730.36166 -0.77772675 1.0386805 7.4378468
60854 20640.0 -2098.2167000000004 -5575.3554 3674.1734 0.23692591 4.0834798 6.3403353
60854 21060.0 -1790.5777 -3356.0215000000003 5876.046200000001 1.2010195000000001 6.2984167 3.9674549000000003
60854 21480.0 -1123.4726 -462.97461 6894.9983 1.9211624 7.2424732999999994 0.80295406
60854 21900.0 -231.16397 2522.9912999999997 6528.3327 2.2554931000000003 6.7340356 -2.5190922000000002
60854 22320.0 707.4359900000001 5003.1387 4849.7754 2.137728 4.8740247 -5.338268200000001
60854 22740.0 1503.8886000000002 6478.3098 2194.8346 1.5897643000000001 2.0291308 -7.0881619
60854 23160.0 1997.4805000000001 6649.1012 -902.67251 0.7203874100000001 -1.2304595999999999 -7.4097176000000005
60854 23580.0 2088.3854 5479.3066 -3817.8963 -0.29491771 -4.2443686 -6.23352
60854 24000.0 1758.2487 3204.7527000000005 -5961.4311 -1.2500683 -6.4008009 -3.7986272
60854 24420.0 1073.9308 284.56394 -6900.9788 -1.9526976 -7.2665033999999995 -0.5987109
60854 24840.0 173.37489000000002 -2692.8881 -6447.0903 -2.2621712000000005 -6.6686999 2.7232662999999997
60854 25260.0 -761.7890600000001 -5126.9597 -4691.271 -2.1156444999999997 -4.724395 5.4990039
60854 25680.0 -1543.2485 -6525.9385999999995 -1985.0715 -1.5415003 -1.8221356000000002 7.1661516
60854 26100.0 -2012.6733000000002 -6605.4277 1123.5508 -0.65552555 1.4497227000000001 7.3814882
60854 26520.0 -2075.3678 -5349.9801 4004.5733999999998 0.36108127 4.4232563 6.103361
60854 26940.0 -1719.3831000000002 -3014.7359 6076.460599999999 1.3024107 6.4992488999999996 3.5975642
60854 27360.0 -1018.1809000000001 -74.30707600000001 6924.7548 1.979362 7.263362 0.37403247
60854 27780.0 -112.74561 2881.138 6380.5641 2.2586918000000002 6.570142700000001 -2.9210351
60854 28200.0 815.2748100000001 5258.635 4553.3795 2.0849594000000002 4.5573806999999995 -5.6317369
60854 28620.0 1579.4470000000001 6579.4427000000005 1809.0938 1.4914675 1.6235109 -7.212577100000001
60854 29040.0 2025.5313 6575.433400000001 -1299.9302 0.59661387 -1.6420458000000002 -7.3393663
60854 29460.0 2063.5223 5246.466 -4146.6028 -0.41871906999999997 -4.5776155 -5.9833162
60854 29880.0 1685.8333 2860.5694 -6155.8552 -1.3488452 -6.5888449 -3.4205985
60854 30300.0 968.84325 -101.11345 -6922.9255 -2.0069147000000003 -7.2728912 -0.16941363999999998
60854 30720.0 56.903183 -3042.3514 -6292.9418 -2.2612904 -6.492886400000001 3.1183523
60854 31140.0 -866.71487 -5372.9624 -4394.603400000001 -2.0582355 -4.3956848 5.780732100000001
60854 31560.0 -1614.701 -6616.9757 -1607.5976 -1.4409771 -1.4156301000000002 7.2730353
60854 31980.0 -2036.4121000000002 -6523.4563 1505.9855 -0.53251972 1.8539119000000002 7.2982499
60854 32400.0 -2047.0191000000002 -5112.995599999999 4314.6838 0.48267586 4.7470436000000005 5.8472518
60854 32820.0 -1644.9086000000002 -2671.445 6251.4946 1.3987792 6.6789255999999995 3.2185915
60854 33240.0 -911.85265 307.68399 6927.344900000001 2.0321371999999998 7.2645787 -0.054923487
60854 33660.0 4.516244800000001 3224.9495 6206.8816 2.2569013 6.3894176 -3.3173607
60854 34080.0 919.94036 5493.2273 4234.3635 2.0274621 4.2260148 -5.9150618
60854 34500.0 1649.8737 6653.9773 1406.0121000000001 1.3885668 1.2060175 -7.3211118
60854 34920.0 2046.7737 6471.6702000000005 -1706.691 0.46899918 -2.059184 -7.246128
60854 35340.0 2029.7162 4980.6972000000005 -4472.84 -0.54448933 -4.9079985 -5.7085584
60854 35760.0 1603.6492 2485.2898 -6336.747200000001 -1.4467857 -6.7630879 -3.0186442
60854 36180.0 855.21077 -509.34112 -6922.6465 -2.0560437 -7.2528262 0.27572918
60854 36600.0 -65.143749 -3401.5965 -6113.1669 -2.25165 -6.2842533000000005 3.5129294
60854 37020.0 -972.34114 -5609.6585000000005 -4071.0971 -1.994355 -4.0498622 6.0449307
60854 37440.0 -1683.6832 -6687.8948 -1207.0611000000001 -1.3347945 -0.9960028 7.3591242
60854 37860.0 -2055.416 -6417.1377 1901.0058999999999 -0.40605121000000005 2.2596410000000002 7.187093
60854 38280.0 -2012.0548000000001 -4849.9913 4624.9224 0.60435502 5.0602147 5.5646115
60854 38700.0 -1564.2764 -2308.2527000000005 6416.2238 1.4910069000000001 6.8351385 2.8200087
60854 39120.0 -802.00899 697.6433499999999 6914.2935 2.0767096 7.2338795000000005 -0.48848532
60854 39540.0 121.37603 3563.3438 6019.5953 2.2452115 6.1788209 -3.6994776000000003
60854 39960.0 1020.2826 5712.138400000001 3911.0645 1.9619266 3.8776199 -6.1696291
60854 40380.0 1713.2322 6709.1063 1013.3316 1.2826942 0.79105124 -7.396857600000001
60854 40800.0 2060.7788 6352.872 -2090.3919 0.34369834 -2.4587501 -7.1280212
60854 41220.0 1991.873 4712.4902 -4771.2210000000005 -0.66374163 -5.2102839 -5.4192847
60854 41640.0 1521.845 2123.2383 -6488.441900000001 -1.5354009000000002 -6.9063359 -2.6189142000000003
60854 42060.0 745.7719300000001 -893.0078199999999 -6897.3436 -2.0968878 -7.2110218 0.70464136
60854 42480.0 -180.1551 -3729.7527000000005 -5916.461200000001 -2.2369096 -6.0661588 3.8865465
60854 42900.0 -1069.7794 -5816.1095000000005 -3742.4058 -1.9267505 -3.6979829 6.2891018
60854 43320.0 -1743.7723 -6730.203 -812.05409 -1.2274964 -0.57987227 7.4241491
60854 43740.0 -2066.0365 -6286.8078 2282.4192000000003 -0.28038586 2.6561196000000002 7.057315
60854 44160.0 -1971.2697 -4573.8985 4915.8185 0.72200449 5.3534104 5.266337099999999
60854 44580.0 -1480.0074 -1941.3155 6557.152599999999 1.5770283 6.9676511 2.4164169
60854 45000.0 -691.35891 1081.4443 6877.6049 2.1142258000000003 7.1804535 -0.9163689700000001
60854 45420.0 236.12179 3886.928 5813.0627 2.2268694 5.9503202 -4.0667175
60854 45840.0 1115.9993000000002 5910.26 3576.2406 1.8912615000000002 3.5191183 -6.4027915
60854 46260.0 1771.6052 6746.3386 619.6166400000001 1.1739882 0.37815622000000004 -7.442677
60854 46680.0 2068.6291 6216.5015 -2463.6832999999997 0.2203912 -2.8424443000000004 -6.986938100000001
60854 47100.0 1949.5087 4436.1747000000005 -5049.8982000000005 -0.77713298 -5.4873404 -5.1170195000000005
60854 47520.0 1438.1553000000001 1763.2793000000001 -6617.415900000001 -1.6159682 -7.0225705 -2.2203166000000003
60854 47940.0 637.9625500000001 -1263.8427 -6852.528 -2.1293615 -7.1460662 1.1197289000000001
60854 48360.0 -290.2861 -4037.1138 -5708.205599999999 -2.2153458 -5.8339504 4.236885
60854 48780.0 -1160.0472 -5998.1972000000005 -3412.981 -1.8554133 -3.3440673000000003 6.5059557
60854 49200.0 -1796.8089 -6755.037700000001 -431.2308 -1.120598 -0.17816452000000002 7.4577444999999996
60854 49620.0 -2070.1117 -6144.4310000000005 2640.068 -0.1615213 3.0225127000000005 6.9111148
60854 50040.0 -1925.2006000000001 -4292.7513 5176.197700000001 0.8312704 5.618925 4.969371
60854 50460.0 -1394.0753 -1580.4071000000001 6670.3273 1.654234 7.0752071 2.024585
60854 50880.0 -582.6905899999999 1449.796 6820.1953 2.1433722 7.1076953000000005 -1.3225894
60854 51300.0 345.68271999999996 4188.83 5596.7924 2.2019128 5.7122711 -4.4037326000000006
60854 51720.0 1204.4771 6085.7405 3245.5331 1.8175165 3.1653685 -6.6013065
60854 52140.0 1820.4946000000002 6756.4688 239.09843 1.0665118 -0.023272596 -7.4695631
60854 52560.0 2069.6158 6065.532200000001 -2815.5875 0.10190483 -3.2036664999999998 -6.830611299999999
60854 52980.0 1900.3141 4147.7334 -5300.5391 -0.88437411 -5.7446796 -4.8155805
60854 53400.0 1349.9066 1398.428 -6719.0148 -1.6907319 -7.1211419 -1.8263997
60854 53820.0 528.1229300000001 -1632.1346 -6783.4404 -2.1555337 -7.0634445 1.5241323
60854 54240.0 -399.72233 -4334.9276 -5482.0196 -2.1872929 -5.5869903 4.5672214
60854 54660.0 -1247.1971 -6166.514 -3076.1682 -1.7791721 -2.9850353000000003 6.6932837
60854 55080.0 -1843.633 -6757.063 -49.667739000000005 -1.0122154 0.22145467 7.4709494
60854 55500.0 -2068.6708 -5986.326599999999 2987.2733 -0.041727688 3.3826237999999997 6.7408898
60854 55920.0 -1877.5066000000002 -4011.3922000000002 5421.3523 0.93613115 5.8601071000000005 4.6517963
60854 56340.0 -1309.0417 -1230.2454 6763.263 1.7244644 7.1569734 1.6292551000000002
60854 56760.0 -477.77309 1797.9234 6743.7518 2.1663802000000003 7.0164669 -1.7210948000000001
60854 57180.0 449.40638 4464.5998 5365.5511 2.1732058000000003 5.4639834 -4.730476800000001
60854 57600.0 1286.0417 6232.8149 2905.2690000000002 1.7413823 2.8046137 -6.7896393
60854 58020.0 1862.7162 6741.2412 -143.62435000000002 0.95727474 -0.42608096 -7.4790234
60854 58440.0 2062.8674 5887.0313 -3163.4320000000002 -0.020544902 -3.5715658 -6.6530467
60854 58860.0 1846.2353 3843.3923 -5542.4685 -0.99274429 -5.9917438 -4.4823816
60854 59280.0 1257.2999 1024.4617 -6801.3665 -1.7629229 -7.2000803 -1.4113681
60854 59700.0 415.40381 -2000.5610000000001 -6688.246700000001 -2.1774577 -6.958278 1.9404882
60854 60120.0 -510.04206 -4623.107599999999 -5226.2393 -2.153992 -5.3160242 4.9024198
60854 60540.0 -1332.7531999999999 -6314.6376 -2709.199 -1.6964195 -2.600199 6.87793
60854 60960.0 -1886.7483000000002 -6733.0397 355.41961 -0.89633579 0.6421342800000001 7.464389000000001
60854 61380.0 -2059.2315 -5789.8697 3348.2925 0.083980649 3.7551675 6.5455008
60854 61800.0 -1814.8413 -3674.3444 5661.9713 1.0478684 6.114560900000001 4.306084
60854 62220.0 -1204.1777 -818.5926400000001 6827.2263 1.8025016 7.2434671 1.1864196
60854 62640.0 -350.85628 2203.0081 6614.5428 2.1906928 6.8995109 -2.1757207
60854 63060.0 573.42657 4779.5447 5061.2946 2.1351162 5.1586793 -5.0942257
60854 63480.0 1381.6925 6388.9645 2481.0635 1.6475367 2.3734599 -6.980401
60854 63900.0 1910.4855 6706.0470000000005 -602.52413 0.82751924 -0.88831185 -7.449917800000001
60854 64320.0 2053.6922 5669.549900000001 -3564.4525 -0.15650978000000001 -3.9605989 -6.413244
60854 64740.0 1784.035 3492.971 -5808.4605 -1.1048415 -6.2250661 -4.0913345
60854 65160.0 1157.2333 616.9522800000001 -6886.9286 -1.8288544 -7.2369586 -0.95813123
60854 65580.0 299.35267 -2382.3541 -6586.772400000001 -2.18696 -6.8029139999999995 2.3633854999999997
60854 66000.0 -618.26987 -4905.5859 -4967.4865 -2.1082851000000002 -5.007040600000001 5.2175766
60854 66420.0 -1411.9055 -6445.5351 -2350.3601000000003 -1.6058579 -2.1983327 7.0324979
60854 66840.0 -1921.2931 -6688.2062000000005 740.43104 -0.77776383 1.0644999 7.4330448
60854 67260.0 -2042.7756000000002 -5580.550200000001 3681.1464 0.20948211 4.1201428 6.3286042
60854 67680.0 -1751.2371 -3344.5246 5875.5199 1.1549245000000001 6.344392200000001 3.9404018
60854 68100.0 -1105.6104 -432.23074 6878.5839000000005 1.8666147000000002 7.2854194 0.75419948
60854 68520.0 -237.87398000000002 2565.6632999999997 6493.594700000001 2.1993323 6.7481929 -2.583611
60854 68940.0 678.68074 5048.9187999999995 4794.8898 2.0872243 4.8480033 -5.3936128
60854 69360.0 1457.2511000000002 6507.1032000000005 2121.4575 1.5563592000000002 1.9759477 -7.1172244000000005
60854 69780.0 1941.67 6652.0025000000005 -980.93787 0.7107708 -1.2978848 -7.4017602
60854 70200.0 2033.4447 5451.9920999999995 -3883.8935 -0.27710131000000005 -4.3074663 -6.1922652
60854 70620.0 1713.43 3147.7472000000002 -5998.4867 -1.2099881000000001 -6.4531726 -3.7334619
60854 71040.0 1047.7733 207.83106 -6901.0655 -1.8997811 -7.2946793 -0.5080936699999999
60854 71460.0 171.29189000000002 -2773.0503 -6409.723900000001 -2.202967 -6.6520074000000005 2.8203625000000003
60854 71880.0 -739.7924200000001 -5193.0182 -4618.7026 -2.0606334000000004 -4.6669536 5.5715116
60854 72300.0 -1501.0518000000002 -6561.376 -1889.9778999999999 -1.5019155000000002 -1.7362913000000002 7.1985296
60854 72720.0 -1958.5075 -6601.7444000000005 1222.2275 -0.63906344 1.5469141 7.3656544
60854 73140.0 -2019.9022 -5306.9015 4086.8421000000003 0.35117532 4.5113294 6.0409524
60854 73560.0 -1673.6513 -2940.6112000000003 6125.1889 1.2675157 6.558291100000001 3.5016338
60854 73980.0 -991.22206 16.32187 6929.7102 1.9263738000000001 7.281595 0.26525768
60854 74400.0 -110.02686 2970.1169 6341.1234 2.1982457 6.544325 -3.0199597
60854 74820.0 793.19411 5328.4177 4478.0717 2.0293684 4.4934701 -5.7007019
60854 75240.0 1537.0971000000002 6616.6813 1713.626 1.4522117 1.5350745 -7.2380883
60854 75660.0 1971.6448 6573.4830999999995 -1396.181 0.58173899 -1.7372893 -7.3170666
60854 76080.0 2009.1372 5206.385200000001 -4224.201 -0.40619094 -4.660926000000001 -5.9183693
60854 76500.0 1642.0713 2790.8514 -6199.398400000001 -1.3117172000000001 -6.6444047 -3.3260504
60854 76920.0 944.5452700000001 -186.37911 -6923.6647 -1.9529936 -7.2901259000000005 -0.06338952
60854 77340.0 56.897375000000004 -3125.9867999999997 -6250.2922 -2.2014915999999998 -6.4677275000000005 3.2157633000000003
60854 77760.0 -842.1481200000001 -5436.6641 -4316.2743 -2.0047159999999997 -4.3332996 5.8499968
60854 78180.0 -1570.5403000000001 -6646.4304 -1506.683 -1.4037799 -1.324683 7.3025608
60854 78600.0 -1981.2595000000001 -6511.647900000001 1608.7687 -0.51839254 1.9554457 7.277055000000001
60854 79020.0 -1991.5554 -5060.5918 4398.5746 0.47050597 4.835945300000001 5.777390400000001
